   7.6300000e+01
   9.0300000e+01
   1.0030000e+02
   1.0900000e+02
   1.1600000e+02
   1.1490000e+02
   1.0910000e+02
   1.0110000e+02
   9.4000000e+01
   8.6600000e+01
   8.0200000e+01
   7.5700000e+01
   7.2000000e+01
   6.9900000e+01
   6.6700000e+01
   6.7400000e+01
   7.4300000e+01
   8.2700000e+01
   9.5300000e+01
   1.1400000e+02
   1.4550000e+02
   1.5810000e+02
   1.4400000e+02
   1.3660000e+02
   1.3600000e+02
   1.3710000e+02
   1.3670000e+02
   1.3150000e+02
   1.2360000e+02
   1.1470000e+02
   1.0540000e+02
   9.5600000e+01
   8.4700000e+01
   6.4800000e+01
   4.3600000e+01
   2.1800000e+01
   1.2400000e+01
   6.1000000e+00
   5.0000000e-01
  -5.8000000e+00
  -1.1200000e+01
  -1.5800000e+01
  -2.0100000e+01
  -2.4000000e+01
  -2.7300000e+01
  -3.0200000e+01
  -3.1900000e+01
  -3.2600000e+01
  -3.2300000e+01
  -3.1200000e+01
  -3.0600000e+01
  -3.0800000e+01
  -3.3100000e+01
  -3.6200000e+01
  -4.0100000e+01
  -4.1400000e+01
  -3.9500000e+01
  -3.5200000e+01
  -2.7900000e+01
  -1.8300000e+01
  -8.2000000e+00
   7.0000000e-01
   1.9300000e+01
   6.0400000e+01
   1.2780000e+02
   1.8640000e+02
   2.0330000e+02
   2.0680000e+02
   2.0330000e+02
   1.9380000e+02
   1.8260000e+02
   1.7120000e+02
   1.5980000e+02
   1.4890000e+02
   1.3760000e+02
   1.2580000e+02
   1.1200000e+02
   9.6500000e+01
   8.0700000e+01
   6.4600000e+01
   4.7900000e+01
   3.1300000e+01
   2.4000000e+01
   1.8000000e+01
   1.3100000e+01
   8.5000000e+00
   3.9000000e+00
  -8.0000000e-01
  -5.6000000e+00
  -1.0100000e+01
  -1.4400000e+01
  -1.8100000e+01
  -2.3500000e+01
  -2.9100000e+01
  -3.4700000e+01
  -3.8100000e+01
  -4.1000000e+01
  -4.3600000e+01
  -4.6400000e+01
  -4.9500000e+01
  -5.2400000e+01
  -5.5800000e+01
  -5.9600000e+01
  -6.3500000e+01
  -6.8500000e+01
  -7.4500000e+01
  -8.1700000e+01
  -9.0800000e+01
  -9.9400000e+01
  -1.0730000e+02
  -1.1310000e+02
  -1.1560000e+02
  -1.1530000e+02
  -1.1230000e+02
  -1.0800000e+02
  -1.0220000e+02
  -9.5200000e+01
  -8.7400000e+01
  -7.8400000e+01
  -6.9100000e+01
  -6.1400000e+01
  -5.2900000e+01
  -4.2300000e+01
  -3.2100000e+01
  -1.9600000e+01
  -6.6000000e+00
   3.0000000e-01
   3.6000000e+00
   3.2000000e+00
  -2.5000000e+00
  -1.0500000e+01
  -1.8700000e+01
  -2.5400000e+01
  -3.7500000e+01
  -5.5800000e+01
  -8.3500000e+01
  -1.2000000e+02
  -1.6170000e+02
  -2.0080000e+02
  -2.3700000e+02
  -2.6650000e+02
  -2.5420000e+02
  -2.3190000e+02
  -2.1150000e+02
  -2.0020000e+02
  -1.9460000e+02
  -1.9250000e+02
  -1.9150000e+02
  -1.8840000e+02
  -1.8330000e+02
  -1.7660000e+02
  -1.6400000e+02
  -1.4320000e+02
  -1.1420000e+02
  -7.2500000e+01
  -2.6500000e+01
   7.4000000e+00
   3.0900000e+01
   4.4300000e+01
   4.8600000e+01
   4.2900000e+01
   3.2000000e+01
   1.7800000e+01
  -1.0000000e+00
  -2.5100000e+01
  -5.3000000e+01
  -8.6200000e+01
  -1.1750000e+02
  -1.4550000e+02
  -1.6950000e+02
  -1.8490000e+02
  -1.9370000e+02
  -1.9820000e+02
  -2.0200000e+02
  -2.0390000e+02
  -2.0510000e+02
  -2.0460000e+02
  -2.0180000e+02
  -1.9630000e+02
  -1.9040000e+02
  -1.8120000e+02
  -1.6640000e+02
  -1.4580000e+02
  -1.1800000e+02
  -8.2400000e+01
  -5.2300000e+01
  -2.2300000e+01
  -1.9000000e+00
   9.7000000e+00
   1.2700000e+01
   7.0000000e+00
  -8.0000000e-01
  -1.2300000e+01
  -2.2100000e+01
  -2.7600000e+01
  -2.6800000e+01
  -1.9300000e+01
  -9.8000000e+00
  -7.5000000e+00
  -1.1200000e+01
  -1.4500000e+01
  -1.8200000e+01
  -2.1900000e+01
  -2.5100000e+01
  -2.9100000e+01
  -3.3900000e+01
  -3.8900000e+01
  -4.4500000e+01
  -5.0500000e+01
  -5.6300000e+01
  -6.2900000e+01
  -6.9800000e+01
  -7.7000000e+01
  -8.4600000e+01
  -9.0700000e+01
  -9.5000000e+01
  -9.9300000e+01
  -1.0380000e+02
  -1.0820000e+02
  -1.1300000e+02
  -1.1820000e+02
  -1.2430000e+02
  -1.3180000e+02
  -1.3990000e+02
  -1.4830000e+02
  -1.5650000e+02
  -1.6340000e+02
  -1.6900000e+02
  -1.7370000e+02
  -1.7720000e+02
  -1.8060000e+02
  -1.8360000e+02
  -1.8530000e+02
  -1.8460000e+02
  -1.8090000e+02
  -1.7350000e+02
  -1.6240000e+02
  -1.4660000e+02
  -1.2670000e+02
  -1.0510000e+02
  -8.1500000e+01
  -6.0100000e+01
  -4.4500000e+01
  -3.5200000e+01
  -3.6700000e+01
  -3.8700000e+01
  -3.9100000e+01
  -3.7100000e+01
  -3.2300000e+01
  -2.4800000e+01
  -1.6500000e+01
  -6.7000000e+00
   2.4000000e+00
   9.1000000e+00
   1.4400000e+01
   2.0500000e+01
   2.7900000e+01
   3.7500000e+01
   5.1400000e+01
   7.1700000e+01
   9.4800000e+01
   1.1610000e+02
   1.3370000e+02
   1.4820000e+02
   1.5930000e+02
   1.6840000e+02
   1.7500000e+02
   1.7870000e+02
   1.7950000e+02
   1.7820000e+02
   1.7170000e+02
   1.6000000e+02
   1.5430000e+02
   1.5030000e+02
   1.4760000e+02
   1.4590000e+02
   1.4760000e+02
   1.5380000e+02
   1.6530000e+02
   1.8100000e+02
   1.9250000e+02
   2.0050000e+02
   2.0160000e+02
   1.9040000e+02
   1.6270000e+02
   1.2700000e+02
   8.8400000e+01
   5.2700000e+01
   2.4400000e+01
   1.2000000e+00
  -2.1100000e+01
  -4.0100000e+01
  -5.5700000e+01
  -6.6300000e+01
  -6.9900000e+01
  -6.4300000e+01
  -4.8700000e+01
  -2.5600000e+01
   8.9000000e+00
   4.6600000e+01
   8.4500000e+01
   1.2570000e+02
   1.6680000e+02
   1.6550000e+02
   1.5610000e+02
   1.4100000e+02
   1.2400000e+02
   1.0710000e+02
   9.0700000e+01
   7.7700000e+01
   6.7300000e+01
   5.9100000e+01
   5.3100000e+01
   4.7500000e+01
   4.0400000e+01
   3.2100000e+01
   1.9800000e+01
   6.0000000e+00
  -3.3000000e+00
  -9.4000000e+00
  -1.1300000e+01
  -8.7000000e+00
  -7.0000000e-01
   1.1100000e+01
   2.6600000e+01
   4.8200000e+01
   6.9900000e+01
   9.2200000e+01
   1.1660000e+02
   1.3620000e+02
   1.4970000e+02
   1.5320000e+02
   1.4330000e+02
   1.2880000e+02
   1.1240000e+02
   9.7300000e+01
   8.2200000e+01
   6.8000000e+01
   5.4100000e+01
   4.0000000e+01
   2.6100000e+01
   1.3000000e+01
   6.0000000e-01
  -1.3500000e+01
  -2.3800000e+01
  -3.2100000e+01
  -3.7100000e+01
  -3.0100000e+01
  -1.2600000e+01
   1.5700000e+01
   3.9800000e+01
   6.0100000e+01
   7.6300000e+01
   8.7500000e+01
   9.4700000e+01
   9.8700000e+01
   9.8800000e+01
   9.3500000e+01
   8.0200000e+01
   6.2600000e+01
   4.9800000e+01
   4.1500000e+01
   3.6100000e+01
   3.1700000e+01
   2.8000000e+01
   2.4600000e+01
   2.0600000e+01
   1.6900000e+01
   1.1900000e+01
   6.8000000e+00
   1.5000000e+00
  -3.5000000e+00
  -1.0200000e+01
  -1.7200000e+01
  -2.3400000e+01
  -2.6800000e+01
  -2.9900000e+01
  -3.3200000e+01
  -3.6700000e+01
  -4.0900000e+01
  -4.5200000e+01
  -4.9700000e+01
  -5.3700000e+01
  -5.5900000e+01
  -5.6200000e+01
  -5.4700000e+01
  -5.0500000e+01
  -4.0800000e+01
  -2.5900000e+01
  -3.1000000e+00
   1.7100000e+01
   3.0400000e+01
   3.7800000e+01
   3.9300000e+01
   4.1400000e+01
   4.4900000e+01
   5.0000000e+01
   5.3700000e+01
   5.8600000e+01
   6.7400000e+01
   8.3900000e+01
   1.0920000e+02
   1.3920000e+02
   1.6540000e+02
   1.8180000e+02
   1.9060000e+02
   1.8370000e+02
   1.7240000e+02
   1.6070000e+02
   1.5140000e+02
   1.4310000e+02
   1.3550000e+02
   1.2760000e+02
   1.1980000e+02
   1.1220000e+02
   1.0540000e+02
   9.9800000e+01
   9.5000000e+01
   9.1700000e+01
   8.9800000e+01
   8.7900000e+01
   8.6400000e+01
   8.3600000e+01
   7.8600000e+01
   7.2200000e+01
   6.5900000e+01
   6.0100000e+01
   5.4400000e+01
   4.8300000e+01
   4.2200000e+01
   3.5500000e+01
   2.8000000e+01
   2.1000000e+01
   1.4900000e+01
   1.0300000e+01
   7.8000000e+00
   7.8000000e+00
   8.3000000e+00
   8.6000000e+00
   8.8000000e+00
   8.7000000e+00
   8.5000000e+00
   8.2000000e+00
   7.5000000e+00
   6.8000000e+00
   6.1000000e+00
   7.0000000e+00
   8.4000000e+00
   1.0300000e+01
   1.1200000e+01
   1.1700000e+01
   1.2900000e+01
   1.6600000e+01
   2.0600000e+01
   2.4100000e+01
   2.9500000e+01
   3.7600000e+01
   4.8000000e+01
   6.5300000e+01
   9.1800000e+01
   1.2330000e+02
   1.6030000e+02
   1.9250000e+02
   2.2050000e+02
   2.4480000e+02
   2.5750000e+02
   2.7000000e+02
   2.8520000e+02
   3.0240000e+02
   3.2170000e+02
   3.4030000e+02
   3.5480000e+02
   3.6570000e+02
   3.7310000e+02
   3.7430000e+02
   3.7090000e+02
   3.6310000e+02
   3.5190000e+02
   3.3930000e+02
   3.2550000e+02
   3.1680000e+02
   3.0810000e+02
   2.9970000e+02
   2.9010000e+02
   2.8020000e+02
   2.7010000e+02
   2.5940000e+02
   2.5010000e+02
   2.4170000e+02
   2.3360000e+02
   2.2470000e+02
   2.1410000e+02
   1.9870000e+02
   1.7640000e+02
   1.5810000e+02
   1.5050000e+02
   1.4700000e+02
   1.4310000e+02
   1.3820000e+02
   1.3210000e+02
   1.2620000e+02
   1.2050000e+02
   1.1480000e+02
   1.0980000e+02
   1.0500000e+02
   1.0040000e+02
   9.6000000e+01
   9.3200000e+01
   9.3600000e+01
   9.8900000e+01
   1.0670000e+02
   1.1600000e+02
   1.2580000e+02
   1.3610000e+02
   1.4500000e+02
   1.5280000e+02
   1.5940000e+02
   1.6390000e+02
   1.6430000e+02
   1.6030000e+02
   1.5100000e+02
   1.3970000e+02
   1.2730000e+02
   1.1320000e+02
   1.0250000e+02
   9.1600000e+01
   7.8800000e+01
   6.4000000e+01
   4.8400000e+01
   3.1900000e+01
   1.8600000e+01
   9.4000000e+00
   4.2000000e+00
   3.4000000e+00
   6.6000000e+00
   1.2700000e+01
   1.9100000e+01
   2.3000000e+01
   2.5300000e+01
   2.7100000e+01
   2.7900000e+01
   2.8500000e+01
   2.9200000e+01
   3.0500000e+01
   3.3500000e+01
   4.0300000e+01
   5.0000000e+01
   6.1000000e+01
   7.3900000e+01
   8.4600000e+01
   8.9700000e+01
   9.1100000e+01
   8.6500000e+01
   7.7500000e+01
   6.6500000e+01
   5.5600000e+01
   4.6400000e+01
   3.9300000e+01
   3.3400000e+01
   2.8400000e+01
   2.4300000e+01
   2.0400000e+01
   1.7900000e+01
   1.6900000e+01
   1.7900000e+01
   2.0400000e+01
   2.4800000e+01
   3.1400000e+01
   3.6200000e+01
   3.9300000e+01
   4.1300000e+01
   4.3500000e+01
   4.5600000e+01
   4.7700000e+01
   4.9100000e+01
   5.0200000e+01
   5.0900000e+01
   5.1300000e+01
   5.1700000e+01
   5.1500000e+01
   5.1000000e+01
   4.8000000e+01
   4.2400000e+01
   3.9700000e+01
   3.8200000e+01
   3.5800000e+01
   3.2000000e+01
   2.6800000e+01
   2.0500000e+01
   1.3800000e+01
   7.5000000e+00
   1.4000000e+00
  -3.4000000e+00
  -7.3000000e+00
  -1.0800000e+01
  -1.3800000e+01
  -1.5600000e+01
  -1.0600000e+01
   1.0000000e+00
   1.5200000e+01
   3.0800000e+01
   4.6300000e+01
   6.1100000e+01
   7.4100000e+01
   8.4000000e+01
   9.1000000e+01
   9.3900000e+01
   9.2800000e+01
   8.7700000e+01
   8.1500000e+01
   7.5500000e+01
   6.9800000e+01
   6.5500000e+01
   6.3100000e+01
   6.0400000e+01
   5.6500000e+01
   5.1100000e+01
   4.3000000e+01
   3.1900000e+01
   1.6200000e+01
  -2.0000000e+00
  -2.2200000e+01
  -4.5700000e+01
  -7.4000000e+01
  -1.0260000e+02
  -1.2720000e+02
  -1.4120000e+02
  -1.3460000e+02
  -1.2270000e+02
  -1.0800000e+02
  -9.2500000e+01
  -7.8000000e+01
  -6.2800000e+01
  -4.6600000e+01
  -3.3200000e+01
  -2.2000000e+01
  -1.4700000e+01
  -1.0300000e+01
  -1.0200000e+01
  -1.5600000e+01
  -2.2800000e+01
  -3.0300000e+01
  -3.9800000e+01
  -5.2100000e+01
  -6.6300000e+01
  -7.9500000e+01
  -9.3300000e+01
  -1.0760000e+02
  -1.1930000e+02
  -1.2230000e+02
  -1.0980000e+02
  -9.3900000e+01
  -6.5300000e+01
  -1.5600000e+01
   4.6600000e+01
   1.1900000e+02
   1.9360000e+02
   2.5450000e+02
   3.0100000e+02
   3.3450000e+02
   3.5650000e+02
   3.6180000e+02
   3.5920000e+02
   3.5320000e+02
   3.4170000e+02
   3.2680000e+02
   3.1240000e+02
   2.9940000e+02
   2.8700000e+02
   2.7460000e+02
   2.5840000e+02
   2.4010000e+02
   2.2350000e+02
   2.0460000e+02
   1.8330000e+02
   1.6190000e+02
   1.4150000e+02
   1.2820000e+02
   1.2040000e+02
   1.1730000e+02
   1.1910000e+02
   1.2480000e+02
   1.3520000e+02
   1.4990000e+02
   1.6750000e+02
   1.8760000e+02
   1.9620000e+02
   1.9370000e+02
   1.8540000e+02
   1.7390000e+02
   1.5780000e+02
   1.3550000e+02
   1.0740000e+02
   7.9200000e+01
   5.5100000e+01
   4.0700000e+01
   3.5900000e+01
   4.0600000e+01
   4.9300000e+01
   5.7600000e+01
   6.3400000e+01
   6.2800000e+01
   6.0800000e+01
   5.9200000e+01
   6.0800000e+01
   6.3800000e+01
   6.8500000e+01
   7.5800000e+01
   8.3900000e+01
   9.2600000e+01
   9.9600000e+01
   1.0750000e+02
   1.1490000e+02
   1.2160000e+02
   1.2890000e+02
   1.3600000e+02
   1.4060000e+02
   1.4480000e+02
   1.4880000e+02
   1.5210000e+02
   1.5530000e+02
   1.5840000e+02
   1.6210000e+02
   1.6710000e+02
   1.7260000e+02
   1.7890000e+02
   1.8510000e+02
   1.9100000e+02
   1.9640000e+02
   2.0400000e+02
   2.1290000e+02
   2.2280000e+02
   2.3420000e+02
   2.4280000e+02
   2.4560000e+02
   2.4080000e+02
   2.2870000e+02
   2.1010000e+02
   1.8410000e+02
   1.5600000e+02
   1.2980000e+02
   1.0520000e+02
   9.0400000e+01
   8.9100000e+01
   1.0770000e+02
   1.3660000e+02
   1.7070000e+02
   2.1620000e+02
   2.6700000e+02
   3.1930000e+02
   3.6880000e+02
   4.0430000e+02
   4.2430000e+02
   4.3130000e+02
   4.2670000e+02
   4.0780000e+02
   3.6790000e+02
   3.2860000e+02
   2.9900000e+02
   2.8000000e+02
   2.6370000e+02
   2.4480000e+02
   2.2340000e+02
   1.9780000e+02
   1.7170000e+02
   1.4680000e+02
   1.2150000e+02
   9.9600000e+01
   8.2300000e+01
   7.0500000e+01
   6.7800000e+01
   7.0400000e+01
   7.8100000e+01
   8.6300000e+01
   9.4000000e+01
   1.0350000e+02
   1.1380000e+02
   1.2370000e+02
   1.3160000e+02
   1.3800000e+02
   1.4230000e+02
   1.4430000e+02
   1.4370000e+02
   1.4070000e+02
   1.3610000e+02
   1.3050000e+02
   1.2550000e+02
   1.2170000e+02
   1.1850000e+02
   1.1700000e+02
   1.1590000e+02
   1.1420000e+02
   1.1250000e+02
   1.1110000e+02
   1.0880000e+02
   1.1040000e+02
   1.2330000e+02
   1.4280000e+02
   1.7340000e+02
   2.1850000e+02
   2.8070000e+02
   3.3220000e+02
   3.6880000e+02
   3.7170000e+02
   3.7130000e+02
   3.7040000e+02
   3.6830000e+02
   3.6400000e+02
   3.5740000e+02
   3.4910000e+02
   3.3880000e+02
   3.2820000e+02
   3.1690000e+02
   3.0650000e+02
   2.9820000e+02
   2.9150000e+02
   2.8670000e+02
   2.8210000e+02
   2.7710000e+02
   2.6790000e+02
   2.4930000e+02
   2.2360000e+02
   1.9880000e+02
   1.7360000e+02
   1.5260000e+02
   1.3410000e+02
   1.1740000e+02
   1.0390000e+02
   9.3700000e+01
   8.5400000e+01
   8.0800000e+01
   8.1100000e+01
   8.3400000e+01
   8.6600000e+01
   8.9100000e+01
   9.0200000e+01
   9.0300000e+01
   8.9900000e+01
   8.9300000e+01
   8.9400000e+01
   9.0500000e+01
   9.2400000e+01
   9.4900000e+01
   9.7700000e+01
   9.9900000e+01
   9.9500000e+01
   9.7000000e+01
   9.4900000e+01
   9.2800000e+01
   9.1500000e+01
   9.0600000e+01
   9.0400000e+01
   9.0500000e+01
   9.1100000e+01
   9.1700000e+01
   9.2200000e+01
   9.2400000e+01
   9.2300000e+01
   9.1800000e+01
   9.0600000e+01
   8.8200000e+01
   8.3700000e+01
   7.6600000e+01
   7.1100000e+01
   6.6300000e+01
   6.1300000e+01
   5.6300000e+01
   5.1500000e+01
   4.7400000e+01
   4.4000000e+01
   4.1400000e+01
   4.0000000e+01
   4.0500000e+01
   4.2400000e+01
   4.5800000e+01
   4.9900000e+01
   5.6500000e+01
   6.5800000e+01
   7.7100000e+01
   8.9500000e+01
   1.0370000e+02
   1.1940000e+02
   1.3540000e+02
   1.5070000e+02
   1.6030000e+02
   1.6490000e+02
   1.6480000e+02
   1.6000000e+02
   1.4640000e+02
   1.2450000e+02
   9.5400000e+01
   6.1700000e+01
   3.1000000e+01
   1.8200000e+01
   1.5000000e+01
   1.8200000e+01
   2.3900000e+01
   3.1100000e+01
   3.8200000e+01
   4.3700000e+01
   4.8100000e+01
   5.2000000e+01
   5.5800000e+01
   5.9800000e+01
   6.3400000e+01
   6.6600000e+01
   6.9100000e+01
   7.0800000e+01
   7.1700000e+01
   7.2100000e+01
   7.2700000e+01
   7.3400000e+01
   7.3800000e+01
   7.4300000e+01
   7.4400000e+01
   7.4400000e+01
   7.4000000e+01
   7.3300000e+01
   7.2400000e+01
   7.1600000e+01
   7.1400000e+01
   7.2200000e+01
   7.3700000e+01
   7.5000000e+01
   7.6200000e+01
   7.6900000e+01
   7.7300000e+01
   7.7300000e+01
   7.6800000e+01
   7.6000000e+01
   7.4800000e+01
   7.3500000e+01
   7.1500000e+01
   6.8300000e+01
   6.4700000e+01
   6.1600000e+01
   6.0500000e+01
   6.1600000e+01
   6.3700000e+01
   6.6200000e+01
   6.8100000e+01
   6.9100000e+01
   6.9400000e+01
   6.9000000e+01
   6.8000000e+01
   6.6300000e+01
   6.4300000e+01
   6.3100000e+01
   6.3000000e+01
   6.4300000e+01
   6.8200000e+01
   7.4800000e+01
   8.0700000e+01
   8.6600000e+01
   9.1600000e+01
   9.4900000e+01
   9.6400000e+01
   9.4900000e+01
   8.9500000e+01
   8.0300000e+01
   7.1500000e+01
   6.4000000e+01
   5.4900000e+01
   5.1500000e+01
   5.1800000e+01
   5.6400000e+01
   6.0400000e+01
   6.3500000e+01
   6.6600000e+01
   7.0000000e+01
   7.4200000e+01
   7.9300000e+01
   8.5700000e+01
   9.3400000e+01
   1.0150000e+02
   1.1050000e+02
   1.2040000e+02
   1.3180000e+02
