0.000000000000000000e+00 -5.260056436652391199e+00 2.654383921655610834e+02 3.897077573211927826e-01
5.003448810558442972e+01 1.459857749828459816e+01 2.632230646372792080e+02 4.707739026969852136e-01
1.000633797584450946e+02 3.390077836602149830e+01 2.573339715062644473e+02 5.533236588122445454e-01
1.500978678640295243e+02 5.063872699489562024e+01 2.477125249075564284e+02 6.329003292408238446e-01
2.000588526423067606e+02 6.308938266552939922e+01 2.349717879275716825e+02 7.042352364252179031e-01
2.500933407478912045e+02 7.048354944090840490e+01 2.202428369649101398e+02 7.627232669155313838e-01
3.000543255260894284e+02 7.307759508867883369e+01 2.050138463468134660e+02 8.048257388126068834e-01
3.500153103036825541e+02 7.195825780233431601e+01 1.906186430768046591e+02 8.294868177458842862e-01
4.000497984099519613e+02 6.849269173117798459e+01 1.780384698977598248e+02 8.379952359777176341e-01
4.500786900621294535e+02 6.395840016594544153e+01 1.678369935833813713e+02 8.337034546042084715e-01
5.001131781683988606e+02 5.933050985045456116e+01 1.601212684544831006e+02 8.212980910820978364e-01
5.500741629459919295e+02 5.525349662792724104e+01 1.546831331635374056e+02 8.057029197380825014e-01
6.000351477241902103e+02 5.206533073583113236e+01 1.511016365107301738e+02 7.910168790034237674e-01
6.500696358297745974e+02 4.988639506237734622e+01 1.488981299851405140e+02 7.799896862760433702e-01
7.000306206080518905e+02 4.869300386520555435e+01 1.476333511788304804e+02 7.739802382521746571e-01
7.500651087136362776e+02 4.836550522349980241e+01 1.469546048165412344e+02 7.731683909356328321e-01
8.000940003664969709e+02 4.877029938868386694e+01 1.466431926583842085e+02 7.771532882146839905e-01
8.500549851447742640e+02 4.980972264595177279e+01 1.465997172019383470e+02 7.854539446231594280e-01
9.000894732502798661e+02 5.147108074089030083e+01 1.468066652832659713e+02 7.980193808757276575e-01
9.500504580285571592e+02 5.381931606180330618e+01 1.472649087872730718e+02 8.153479031765209495e-01
1.000084946134141546e+03 5.698346292259550694e+01 1.479295879085439935e+02 8.385858928110905275e-01
1.050045930912418726e+03 6.106225207706116720e+01 1.486546578389954618e+02 8.690352842750929119e-01
1.100006915690695905e+03 6.607046460610324345e+01 1.491780034355413136e+02 9.079788773998689333e-01
1.150109211047159306e+03 7.185707817124411179e+01 1.491280413290388651e+02 9.563280758984876728e-01
1.200070195825357587e+03 7.798412678921852148e+01 1.480688997634365762e+02 1.013797053688535010e+00
1.250104683930941974e+03 8.383128482408943682e+01 1.455649027481650535e+02 1.079662579067695249e+00
1.300065668709219153e+03 8.857594263375958121e+01 1.412795103029432369e+02 1.151813139815281328e+00
1.350026653487496333e+03 9.142429364906135447e+01 1.350365165670333454e+02 1.227554466892663454e+00
1.400061141593080720e+03 9.177550012191700546e+01 1.268702029554320490e+02 1.303554422098155419e+00
1.450022126371279001e+03 8.939063740229767063e+01 1.170731841213667508e+02 1.375751434345566571e+00
1.500124421727742401e+03 8.442114792709904236e+01 1.060375197200071398e+02 1.440410097017791324e+00
1.550085406506019581e+03 7.738284250990491842e+01 9.434550009049216612e+01 1.492991667128058753e+00
1.600046391283612593e+03 6.891829336869793110e+01 8.249315418338532879e+01 1.529150564880654484e+00
1.650080879389882057e+03 5.968296912249869735e+01 7.095209784550183940e+01 1.543463644762975262e+00
1.700041864167475069e+03 5.029009349678858598e+01 6.020388015942366167e+01 1.528873027605890833e+00
1.750076352273665634e+03 4.117241441305723981e+01 5.065558426860266650e+01 1.476256044970714498e+00
1.800037337051258646e+03 3.268841925593643793e+01 4.280789631887145674e+01 1.375869150852453426e+00
1.849998321829535826e+03 2.504682708973690097e+01 3.715412867051936985e+01 1.223005626652263311e+00
1.900100617185999226e+03 1.836611663058189592e+01 3.408528079860617055e+01 1.029766527099952977e+00
1.950061601964276406e+03 1.274980154893589201e+01 3.358972220795723018e+01 8.319337235840146283e-01
2.000096090069860793e+03 8.174597555393088300e+00 3.506795235635169661e+01 6.646686761600351101e-01
2.050057074848059074e+03 4.593931392364490662e+00 3.765997925236759158e+01 5.427250454362039234e-01
2.100018059626336253e+03 1.874545062800995865e+00 4.062111700360377142e+01 4.607334012892523312e-01
2.150052547731920640e+03 -1.758272170022792125e-01 4.345994752578523901e+01 4.066851035525801961e-01
2.200013532510197820e+03 -1.790826690049321712e+00 4.591088285187550611e+01 3.690406879366268100e-01
2.250115827866661220e+03 -3.237769578929698966e+00 4.792144957210234679e+01 3.382492812448521513e-01
2.300076812644938400e+03 -4.749785054643902882e+00 4.957367207247488494e+01 3.077229126274553805e-01
2.350037797423136453e+03 -6.515085825678960774e+00 5.108061726775741107e+01 2.733145558423870636e-01
2.400072285528720840e+03 -8.641054408192484715e+00 5.271567583822266556e+01 2.336689020916387083e-01
2.450033270306998020e+03 -1.114174761041435247e+01 5.475412310279612171e+01 1.902150341020726332e-01
2.500067758412582407e+03 -1.397357874252111287e+01 5.744223316247979483e+01 1.461013872765219712e-01
2.550028743190859586e+03 -1.702604129221296247e+01 6.094202400733622937e+01 1.055846687831090286e-01
2.600057634843720280e+03 -2.017179137977017689e+01 6.536058295457985423e+01 7.240070294395493933e-02
2.650092122949225995e+03 -2.324738241229299973e+01 7.073811723133462692e+01 4.946234784529836975e-02
2.700053107727503175e+03 -2.606460457368924466e+01 7.708310701984558477e+01 3.851093742690060717e-02
2.750087595833087562e+03 -2.841198526726806151e+01 8.443535694607543007e+01 4.040839684060274634e-02
2.800048580611364741e+03 -3.000318641850396162e+01 9.281508377380509955e+01 5.564937187204970631e-02
2.850009565388957981e+03 -3.046389455749989139e+01 1.023032411163214448e+02 8.474822216762196991e-02
2.900044053495148546e+03 -2.925573310825313200e+01 1.130133360251164163e+02 1.286528382002731508e-01
2.950072945147326209e+03 -2.560235404305736751e+01 1.250337683860032030e+02 1.888064712402610368e-01
3.000107433253595445e+03 -1.839483275149843067e+01 1.384237129122331851e+02 2.675062853256188755e-01
3.050068418031188685e+03 -6.152381891432163741e+00 1.530567807080329885e+02 3.677584426331622636e-01
3.100029402809465864e+03 1.289997230272482653e+01 1.684750554740505493e+02 4.935529561493233186e-01
3.150063890915050251e+03 4.018119865581446959e+01 1.835055831172010983e+02 6.489733240336736930e-01
3.200024875693248305e+03 7.491516875245207530e+01 1.958447331911491744e+02 8.354140477171352330e-01
3.250059363798832692e+03 1.121344812360947003e+02 2.023517846411077130e+02 1.050169662639857782e+00
3.300088255451693385e+03 1.423307886071683868e+02 2.002445658533258381e+02 1.282226041701950425e+00
3.350049240229970565e+03 1.569874653147221579e+02 1.892109630309874149e+02 1.515206087443224492e+00
3.400083728335554952e+03 1.547630520228284468e+02 1.717871311603099684e+02 -1.406411223962068302e+00
3.450044713113832131e+03 1.407738418199011790e+02 1.517032882244625398e+02 -1.207578653412525682e+00
3.500079201219337847e+03 1.214000161897536145e+02 1.317912339508555419e+02 -1.029556168066431576e+00
3.550040185997615026e+03 1.011500416399297109e+02 1.136528950854701208e+02 -8.688761554098723972e-01
3.600001170775892206e+03 8.221142389836710151e+01 9.780750009792241428e+01 -7.197898831547850929e-01
3.650103466132355607e+03 6.532577736748389441e+01 8.425065588927908777e+01 -5.763981916605236400e-01
3.700064450910632786e+03 5.067130141411807642e+01 7.288437681030232795e+01 -4.345286807943538609e-01
3.750098939016217173e+03 3.798104851225463108e+01 6.343486037747028661e+01 -2.893142045112381266e-01
3.800059923794415226e+03 2.701370784938195513e+01 5.572996941666600179e+01 -1.378739580805859732e-01
3.850020908572692406e+03 1.747600472558710294e+01 4.959280153782243872e+01 2.198436763401495977e-02
3.900055396678276793e+03 9.117657249293545263e+00 4.488746763470597045e+01 1.906169731392518552e-01
3.950016381456553972e+03 1.764700232839874872e+00 4.151080212013150117e+01 3.652639779355793537e-01
4.000118676813017373e+03 -4.774148827682887841e+00 3.932491171325001744e+01 5.420933718154991032e-01
4.050079661591294553e+03 -1.059140993032739431e+01 3.819342410834050838e+01 7.141584777156579911e-01
4.100040646368808666e+03 -1.581024999119039975e+01 3.793753351658244810e+01 8.762227472437841280e-01
4.150075134475077903e+03 -2.052117650018981365e+01 3.837887113392624627e+01 1.024321759346006777e+00
4.200036119252670687e+03 -2.477986360037323621e+01 3.934709855868585748e+01 1.155935480332559218e+00
4.250070607358939924e+03 -2.865871625603644191e+01 4.070112176367187828e+01 1.271167274484692689e+00
4.300031592136532709e+03 -3.220077171318844478e+01 4.232572512758183336e+01 1.370555534297802192e+00
4.349992576914731217e+03 -3.546515319796553456e+01 4.414478487547163610e+01 1.455724422839883792e+00
4.400094872271194617e+03 -3.851568217373726100e+01 4.611692230353882138e+01 1.528491515121309652e+00
4.450055857049472252e+03 -4.139551177025886375e+01 4.821067371661892054e+01 -1.551503906453947756e+00
4.500090345155056639e+03 -4.418306695750704449e+01 5.043639625255737258e+01 -1.499174194274301986e+00
4.550051329933334273e+03 -4.693885453180240575e+01 5.280487723762589525e+01 -1.454661296413486404e+00
4.600012314711611907e+03 -4.973385403931303728e+01 5.534462212860326247e+01 -1.416265232432338816e+00
4.650046802817117168e+03 -5.263060879229968947e+01 5.808471288909026953e+01 -1.382329488155741304e+00
4.700007787595394802e+03 -5.566333238177092113e+01 6.103401348101037627e+01 -1.351423308394259504e+00
4.750110082951858203e+03 -5.886803407149277945e+01 6.420983756661242126e+01 -1.322064492104929823e+00
4.800071067730135837e+03 -6.222832911658774435e+01 6.758502483007191586e+01 -1.293333533569305471e+00
4.850032052508413472e+03 -6.573690640024101128e+01 7.114853593165278767e+01 -1.264362619085613870e+00
4.900066540613997859e+03 -6.937069790122588131e+01 7.488067773715940234e+01 -1.234599002908422394e+00
4.950027525392196367e+03 -7.308385912717679389e+01 7.874440148556335828e+01 -1.203832095764683752e+00
5.000062013497780754e+03 -7.684981120591920956e+01 8.272762595010243558e+01 -1.171805037630058388e+00
5.050022998276058388e+03 -8.062004447260940765e+01 8.679952149303733222e+01 -1.138506110823565898e+00
5.100051889928919081e+03 -8.436776249421058083e+01 9.095665253277233830e+01 -1.103740962178938467e+00
5.150086378034503468e+03 -8.804899428426138286e+01 9.518197432844861794e+01 -1.067418957553477155e+00
5.200047362812781103e+03 -9.161394644657802644e+01 9.945741892179061949e+01 -1.029418847129134118e+00
5.250081850918286364e+03 -9.501962267132833517e+01 1.037823014329257063e+02 -9.893845956352252946e-01
5.300042835696563998e+03 -9.818803135031892282e+01 1.081253312543302201e+02 -9.471239311674287675e-01
5.350003820474156782e+03 -1.010356160923061424e+02 1.124648749225563193e+02 -9.022041465479884170e-01
5.400038308580426019e+03 -1.034491282937792249e+02 1.167648609347959336e+02 -8.541149540362013015e-01
5.450067200232603682e+03 -1.052720005005047454e+02 1.209553462163180342e+02 -8.024347985264801419e-01
5.500101688338872918e+03 -1.063115032166333549e+02 1.249462832649061994e+02 -7.466260418260787235e-01
5.550062673116387487e+03 -1.063313356947614921e+02 1.286050730580316497e+02 -6.862575402278884296e-01
5.600023657894665121e+03 -1.050596735517429181e+02 1.317675532507169009e+02 -6.207715983162949147e-01
5.650058146000249508e+03 -1.021987912440503834e+02 1.342176995047044272e+02 -5.497063125312861009e-01
5.700019130778527142e+03 -9.748802017821981281e+01 1.356819299842086650e+02 -4.731509029742358430e-01
5.750053618884111529e+03 -9.073582574557107705e+01 1.358646212254565171e+02 -3.911313403412381429e-01
5.800082510536972222e+03 -8.195222042805433205e+01 1.344617429652711564e+02 -3.045356271102302448e-01
5.850043495315170730e+03 -7.142233383336130714e+01 1.312276052190923679e+02 -2.148862564305198120e-01
5.900077983420755118e+03 -5.969181473448575304e+01 1.260119500440138438e+02 -1.240207522329731943e-01
5.950038968199032752e+03 -4.762405237232050581e+01 1.188510981470679582e+02 -3.491515367336096853e-02
6.000073456304617139e+03 -3.612053319278974328e+01 1.099251177570522771e+02 4.951751177539152199e-02
6.050034441082894773e+03 -2.605955444059909354e+01 9.961305365377214116e+01 1.255826268918051880e-01
6.100068929188400034e+03 -1.800318860592584969e+01 8.832561721686903411e+01 1.898393010902828248e-01
6.150097820841260727e+03 -1.223763455419811130e+01 7.653244507689305465e+01 2.380598750296470945e-01
6.200058805619538361e+03 -8.744751134969602546e+00 6.465844858452068422e+01 2.649418946906839656e-01
6.250093293725122749e+03 -7.297914843472769419e+00 5.301838632469720380e+01 2.623264344585052310e-01
6.300054278503400383e+03 -7.591458139626101165e+00 4.196963859147482623e+01 2.150882633087112250e-01
6.350088766608984770e+03 -9.305114116885111031e+00 3.191326109954628976e+01 9.179123963382579410e-02
6.400049751387183278e+03 -1.215644985532436806e+01 2.379932315413813626e+01 -1.711055103383120890e-01
6.450010736165460912e+03 -1.594375069067186779e+01 1.975243691315459316e+01 -6.418397233200104912e-01
6.500113031521924313e+03 -2.057123699891449675e+01 2.214419247591353113e+01 -1.170094299858147835e+00
6.550074016300201947e+03 -2.601805313833699884e+01 2.986470808373280761e+01 -1.514423117562980536e+00
6.600108504405786334e+03 -3.246681984946259547e+01 4.080255493584049020e+01 1.439494792404428791e+00
6.650069489184063968e+03 -4.029660809669279331e+01 5.433262279498500646e+01 1.335561889798050794e+00
6.700030473961578537e+03 -5.031867079333362369e+01 7.099245086361150925e+01 1.278896450453278710e+00
6.750064962067847773e+03 -6.409626869119487935e+01 9.213861592014232826e+01 1.257293477317932284e+00
6.800025946845440558e+03 -8.445963494639825342e+01 1.198079888888350411e+02 1.272541779528087780e+00
6.850060434951709794e+03 -1.163133939160978656e+02 1.566175756357131945e+02 1.337339893425596449e+00
6.900089326603887457e+03 -1.647552902871441916e+02 2.031269572118879978e+02 1.472499206068181854e+00
6.950050311382165091e+03 -2.231948152302022379e+02 2.508106824550086742e+02 -1.451001594073793477e+00
7.000084799487670352e+03 -2.590577577701218388e+02 2.789250951112012444e+02 -1.182743763334727749e+00
7.050045784265947987e+03 -2.519182628169292570e+02 2.776808538636552726e+02 -9.427194680744778177e-01
7.100080272371532374e+03 -2.250311047792783938e+02 2.614003053497450537e+02 -7.743440906097763810e-01
7.150041257149810008e+03 -2.003732768699738926e+02 2.444702707094169796e+02 -6.695730472827208235e-01
7.200002241928087642e+03 -1.831591853985312923e+02 2.319490753792830731e+02 -6.049206739850292447e-01
7.250104537284551043e+03 -1.722115396966458434e+02 2.243051175335164658e+02 -5.616744117861546259e-01
7.300065522062749551e+03 -1.655550569259842746e+02 2.208509699481170117e+02 -5.278439796890619373e-01
7.350100010168333938e+03 -1.614396493755435245e+02 2.207216720619246360e+02 -4.953811957215280004e-01
7.400060994946611572e+03 -1.584903107760365231e+02 2.231920298242820877e+02 -4.590145282830067619e-01
7.450021979724889206e+03 -1.554222779887988963e+02 2.276149000927185284e+02 -4.146303956961343573e-01
7.500056467830473593e+03 -1.508477444941071326e+02 2.333211754667378557e+02 -3.586637893604113780e-01
7.550017452608672102e+03 -1.431432424745563026e+02 2.394261455864953803e+02 -2.880742430299735868e-01
7.600119747965135502e+03 -1.303622443973800387e+02 2.447097997672398151e+02 -1.996405369786340145e-01
7.650080732743413137e+03 -1.107618771577815835e+02 2.473690981487008855e+02 -9.186311298016458515e-02
7.700041717521690771e+03 -8.354386947542229791e+01 2.451604480190242157e+02 3.546297543837799437e-02
7.750076205627275158e+03 -5.036357882078457493e+01 2.358035525202360532e+02 1.790631331598435128e-01
7.800037190405552792e+03 -1.625897417105346676e+01 2.180679366895817850e+02 3.306975518217400989e-01
7.850071678511058053e+03 1.226846387822780571e+01 1.925697936139441424e+02 4.796707956318367883e-01
7.900032663289335687e+03 3.027475616544307258e+01 1.618548354220417593e+02 6.137662518859156036e-01
7.950061554941513350e+03 3.672371690487715057e+01 1.289181021773108000e+02 7.226862018164561530e-01
8.000096043047782587e+03 3.345521682810237962e+01 9.629170603748539747e+01 7.943393124332968069e-01
8.050057027825375371e+03 2.331145239517459800e+01 6.559261730529244971e+01 8.035969127904771803e-01
8.100091515931644608e+03 8.666753853302378019e+00 3.815302029932642824e+01 6.580584371676803102e-01
8.150052500709159176e+03 -8.866310668364961955e+00 2.056586246494360992e+01 -7.153089119602883128e-02
8.200013485487435901e+03 -2.846417355172496855e+01 3.086851319693887774e+01 -1.037740741645927667e+00
8.250047973593020288e+03 -4.978298351904300034e+01 5.399993867638863776e+01 -1.283546799150829143e+00
8.300076865245880981e+03 -7.260455496692253519e+01 7.921644443298083615e+01 -1.323874354953095800e+00
8.350111353351465368e+03 -9.665317677702275034e+01 1.050572956902422277e+02 -1.299163433277742863e+00
8.400072338129743002e+03 -1.212297386244618167e+02 1.309488184971680766e+02 -1.243267794156327710e+00
8.450033322907940601e+03 -1.451182308804239369e+02 1.562116191952093800e+02 -1.168102532529928794e+00
8.500067811013524988e+03 -1.665514972410154826e+02 1.798434162231002063e+02 -1.080375033353927039e+00
8.550028795791802622e+03 -1.836197338510861243e+02 2.006528481340384928e+02 -9.865185070397139988e-01
8.600063283897387009e+03 -1.952839667533954753e+02 2.179431143794567163e+02 -8.924819108528294631e-01
8.650092175550247703e+03 -2.017283850684687820e+02 2.316668091124546720e+02 -8.037658832372154283e-01
8.700053160328525337e+03 -2.042645628550050105e+02 2.425702178545150787e+02 -7.237010237148384650e-01
8.750087648434031507e+03 -2.045532799655741201e+02 2.518911001419387219e+02 -6.525761313763082105e-01
8.800048633212309142e+03 -2.038684301575104882e+02 2.608443931284429027e+02 -5.886214905633796457e-01
8.850083121317893529e+03 -2.027238352298218160e+02 2.704292590339240974e+02 -5.278691298323093806e-01
8.900044106096171163e+03 -2.007545135107174588e+02 2.811292550461057544e+02 -4.657070648572509963e-01
8.950005090874448797e+03 -1.966831945306332159e+02 2.928594683429573138e+02 -3.969647273695920409e-01
9.000107386230911288e+03 -1.883599515446908299e+02 3.047654802651040313e+02 -3.168176642948383748e-01
9.050068371009108887e+03 -1.732712710466680335e+02 3.149443668603320248e+02 -2.227473036208157120e-01
9.100102859114693274e+03 -1.495128265022062521e+02 3.207825668798172387e+02 -1.145226808815149461e-01
9.150063843892970908e+03 -1.178068276964253869e+02 3.195601609204330202e+02 2.989661372099654702e-03
9.200024828670564602e+03 -8.227382101833281070e+01 3.099024969493716526e+02 1.212327432778514541e-01
9.250059316776834748e+03 -4.894276335625242780e+01 2.926741946663793783e+02 2.300502366115066422e-01
9.300020301554348407e+03 -2.267581831252704205e+01 2.706675684688079855e+02 3.207387986241782007e-01
9.350122596911496657e+03 -5.006538297788353020e+00 2.469480603295440631e+02 3.892155506197282899e-01
9.400083581689090352e+03 4.861973773932788845e+00 2.240833911867907204e+02 4.343970529672244174e-01
9.450044566467367986e+03 8.900175152805090306e+00 2.034093826833103265e+02 4.581555417288998844e-01
9.500079054572952373e+03 8.986120126666321539e+00 1.854972210370777645e+02 4.632084312518984781e-01
9.550040039351230007e+03 6.585566768757097122e+00 1.705111403925392892e+02 4.526254556720679667e-01
9.600074527456736178e+03 2.722101193258559704e+00 1.582744893753686881e+02 4.295537163504053457e-01
9.650035512235013812e+03 -1.901292208275812357e+00 1.485813734680342009e+02 3.972655103705263202e-01
9.699996497013291446e+03 -6.827986572704901391e+00 1.411202759003944038e+02 3.589353743965815191e-01
9.750098792369753937e+03 -1.176061800843348948e+01 1.355564729784642566e+02 3.175167576913069389e-01
9.800059777148031571e+03 -1.646320313655789036e+01 1.315772288866056101e+02 2.759473485823225603e-01
9.850094265253615958e+03 -2.082876851504438065e+01 1.288086780125360349e+02 2.360905911918376454e-01
9.900055250031813557e+03 -2.478842803405433060e+01 1.269211885602933876e+02 1.992315386119574150e-01
9.950016234810091191e+03 -2.835705689979257471e+01 1.256176777982842339e+02 1.655939407309948985e-01
1.000005072291567558e+04 -3.159901652358939828e+01 1.246753472272385039e+02 1.347215195271133925e-01
1.005001170769395321e+04 -3.459675894956291131e+01 1.239568013058770646e+02 1.058979763753286202e-01
1.010011400305041570e+04 -3.746506419452938275e+01 1.233944273721078559e+02 7.810429057558147814e-02
1.015007498782869334e+04 -4.028144482831026352e+01 1.229837320461289494e+02 5.073411767526150862e-02
1.020003597260689094e+04 -4.312880763215120794e+01 1.227500035518091863e+02 2.318826084907442062e-02
1.025007046071247532e+04 -4.606476339580501644e+01 1.227359441120629384e+02 -4.837223755345333893e-03
1.030003144549075296e+04 -4.911503542960254265e+01 1.229865555828683199e+02 -3.330434842737133722e-02
1.035006593359633735e+04 -5.230889090641529293e+01 1.235429896141014723e+02 -6.218286646634969828e-02
1.040002691837461498e+04 -5.564807469904367565e+01 1.244368898009367967e+02 -9.117481279751277201e-02
1.045005581002679173e+04 -5.914807472389760790e+01 1.256973156963851324e+02 -1.200961758266966134e-01
1.050009029813298184e+04 -6.280867709886709349e+01 1.273449883481192728e+02 -1.486241432479983582e-01
1.055005128291057554e+04 -6.662698495420212907e+01 1.293948639960841831e+02 -1.764272667499908465e-01
1.060008577101684568e+04 -7.061763954855820202e+01 1.318701532163625529e+02 -2.033071557057068435e-01
1.065004675579443938e+04 -7.477252965617597624e+01 1.347810526766878070e+02 -2.289137099350607718e-01
1.070000774057271701e+04 -7.910063002036346802e+01 1.381496755036487514e+02 -2.530211825437161388e-01
1.075004222867822318e+04 -8.361037636677789919e+01 1.420026171810221172e+02 -2.753932033049553141e-01
1.080007112033108388e+04 -8.829328632074407324e+01 1.463569611263963850e+02 -2.957124212263191332e-01
1.085010560843666826e+04 -9.314268845745317549e+01 1.512363666439419490e+02 -3.136878235498785084e-01
1.090006659321494590e+04 -9.813337952363143302e+01 1.566530289455908758e+02 -3.289785717933233489e-01
1.095002757799322353e+04 -1.032412057082353840e+02 1.626295988283220879e+02 -3.412722716929227351e-01
1.100006206609880792e+04 -1.084232294256105860e+02 1.691819596153024463e+02 -3.502196030782563363e-01
1.105002305087700552e+04 -1.135882013658835774e+02 1.762800406141185476e+02 -3.554284952913254192e-01
1.110005753898258990e+04 -1.186442780065606257e+02 1.839091814418135868e+02 -3.565678021752479165e-01
1.115008643063545060e+04 -1.234422965047422593e+02 1.919897015585885640e+02 -3.533399518839475117e-01
1.120004741541372823e+04 -1.278048756138769591e+02 2.004022476012206084e+02 -3.455822981896110591e-01
1.125008190351931262e+04 -1.315516894093666735e+02 2.090204364961167300e+02 -3.332645378647920986e-01
1.130004288829759025e+04 -1.344808389371179942e+02 2.176337241392610053e+02 -3.166359535801404057e-01
1.135007737640309642e+04 -1.364419430569064389e+02 2.260639806175681201e+02 -2.961101936791365463e-01
1.140003836118137406e+04 -1.373358694229165167e+02 2.340931356915982064e+02 -2.724428563213756038e-01
1.144999934595965169e+04 -1.371619738984693413e+02 2.415826213171322649e+02 -2.464664155888580677e-01
1.150010164131611418e+04 -1.360034053967927434e+02 2.484687576727671399e+02 -2.190141102251805805e-01
1.155006262609439182e+04 -1.340247168456434679e+02 2.547119354933546163e+02 -1.910730015968195583e-01
1.160009711419997620e+04 -1.314065486131938769e+02 2.604142660754737335e+02 -1.631571739570860380e-01
1.165005809897817380e+04 -1.283271164076879245e+02 2.656838476010338468e+02 -1.357075065416971649e-01
1.170001908375576750e+04 -1.249002772203821934e+02 2.706729209748655194e+02 -1.087533466730610521e-01
1.175005357186203764e+04 -1.211648493220415617e+02 2.755187583775286271e+02 -8.207389342701906787e-02
1.180001455663963134e+04 -1.171011870401063106e+02 2.802981389201134448e+02 -5.538300577172203254e-02
1.185011685199677959e+04 -1.125966538312009249e+02 2.850656257078505860e+02 -2.810351522873654612e-02
1.190007783677437328e+04 -1.075410765814775402e+02 2.897620277115372005e+02 7.627014563406302292e-05
1.195011232488056339e+04 -1.017666210277072594e+02 2.943077714877235280e+02 2.965854832333358893e-02
1.200007330965815709e+04 -9.516803434226629577e+01 2.985298984508200988e+02 6.077527391332124274e-02
1.205003429443643472e+04 -8.767960939284236588e+01 3.022333732524172092e+02 9.345674663025003992e-02
1.210006878254201911e+04 -7.933217743262973443e+01 3.052063099366476990e+02 1.274646605281970491e-01
1.215002976732029674e+04 -7.032020014200696778e+01 3.072493749214230547e+02 1.621201255452107970e-01
1.220006425542580291e+04 -6.091374680958810472e+01 3.082471424765404890e+02 1.966900748824219891e-01
1.225009314707866361e+04 -5.151706201006799546e+01 3.081834002879825789e+02 2.301185712211315793e-01
1.230005413185694124e+04 -4.256157867495205949e+01 3.071795873275850681e+02 2.613388839770561245e-01
1.235008861996252563e+04 -3.439608905021458440e+01 3.054816359886990540e+02 2.895419445710856743e-01
1.240004960474080326e+04 -2.730386849104336022e+01 3.034455327985650115e+02 3.140334256260280954e-01
1.245008409284638765e+04 -2.136833727671658778e+01 3.014762624708101271e+02 3.346711484081564825e-01
1.250004507762458525e+04 -1.654622574758444387e+01 3.000016612766472690e+02 3.516371602304368960e-01
1.255000606240286288e+04 -1.261638347046628894e+01 2.994115576902850080e+02 3.656675853988610170e-01
1.260010835775932537e+04 -9.229537850270006061e+00 3.000449584158346852e+02 3.779230999459552987e-01
1.265006934253760301e+04 -5.952588973976645548e+00 3.021570974300832404e+02 3.898328374928187179e-01
1.270010383064318739e+04 -2.212699823880669214e+00 3.059195531697121169e+02 4.032542985960864690e-01
1.275006481542146503e+04 2.647681724057406427e+00 3.113697860568332771e+02 4.201931383132223585e-01
1.280002580019966263e+04 9.418926278517531614e+00 3.184023599742722581e+02 4.428874243583333370e-01
1.285006028830524701e+04 1.900094657543289145e+01 3.266905686536018720e+02 4.736867798263135754e-01
1.290002127308352465e+04 3.225075203375027399e+01 3.355334426450777414e+02 5.146872997693960894e-01
1.295012356843998714e+04 4.986798932792895300e+01 3.438304503505625007e+02 5.677994797862103704e-01
1.300008455321826477e+04 7.166055582063714269e+01 3.498797500352251291e+02 6.333300717205728736e-01
1.305004553799585847e+04 9.625688731320855140e+01 3.516886178745729126e+02 7.100889431274954866e-01
1.310008002610204858e+04 1.206645343622604969e+02 3.473795415603248102e+02 7.942468793495730539e-01
1.315004101087964227e+04 1.408219136697622957e+02 3.360556408379673030e+02 8.789937609281237574e-01
1.320007549898591242e+04 1.534674372247006318e+02 3.183408981850188866e+02 9.566264903986235746e-01
1.325003648376350611e+04 1.574070099208475426e+02 2.963680398758266961e+02 1.019617521040652397e+00
1.330006537541636681e+04 1.537773361688340401e+02 2.727580272255302702e+02 1.063148352036418887e+00
1.335009986352195119e+04 1.449140924751879425e+02 2.499403605612244519e+02 1.085012265093066031e+00
1.340006084830014879e+04 1.332457896730785762e+02 2.296266361142459118e+02 1.085669293629420773e+00
1.345009533640573318e+04 1.206025706995344535e+02 2.127046318206718638e+02 1.067501348849086984e+00
1.350005632118401081e+04 1.082499284578231453e+02 1.996246221912448107e+02 1.034318138346211668e+00
1.355001730596228845e+04 9.691020983364012409e+01 1.904117901377731812e+02 9.908173573551349866e-01
1.360005179406787283e+04 8.701228527439172922e+01 1.849087621821568632e+02 9.421875717700980424e-01
1.365008068572073353e+04 7.887398495341852822e+01 1.828622688692096858e+02 8.938686424184014712e-01
1.370011517382623970e+04 7.275926087687535926e+01 1.839356046838193492e+02 8.508782936301240163e-01
1.375007615860451733e+04 6.898077394441702381e+01 1.877414407229514097e+02 8.176498207733857715e-01
1.380003714338279497e+04 6.792347020071463248e+01 1.938494316335730616e+02 7.977734463041562529e-01
1.385007163148837935e+04 7.008820224489890904e+01 2.017452200947834342e+02 7.943083937837150943e-01
1.390003261626665699e+04 7.600506483551589554e+01 2.106840039498052874e+02 8.098453116059680656e-01
1.395006710437216316e+04 8.606973662258386071e+01 2.196258144829814682e+02 8.465089812329370522e-01
1.400009599602502385e+04 1.000580821771438451e+02 2.269826635710506082e+02 9.054352764530392284e-01
1.405005698080330149e+04 1.164650433171156010e+02 2.306262543772043898e+02 9.857358007833485480e-01
1.410009146890888587e+04 1.320639943782493617e+02 2.282051233987243393e+02 1.083515292794597906e+00
1.415005245368716351e+04 1.422569034912732491e+02 2.179867371361718256e+02 1.189883252222284638e+00
1.420008694179274789e+04 1.432563173718810390e+02 1.998493199865074530e+02 1.292378965288044634e+00
1.425004792657094549e+04 1.341681170949136970e+02 1.757161480806682903e+02 1.375761556410861841e+00
1.430000891134853919e+04 1.171765556740313912e+02 1.486043965077633118e+02 1.424677270815237984e+00
1.435011120670568744e+04 9.567352089502820434e+01 1.215600460230449329e+02 1.421700189753844157e+00
1.440007219148328113e+04 7.278220712382548641e+01 9.754979959668058598e+01 1.343536697901186905e+00
1.445010667958955128e+04 5.032227731244542213e+01 7.946507051361197682e+01 1.161052769175570987e+00
1.450006766436714497e+04 2.936355598970072833e+01 7.100934799710498169e+01 8.723393575896217778e-01
1.455002864914534257e+04 1.038862640448459729e+01 7.457507493951740685e+01 5.615556393208958053e-01
1.460006313725092696e+04 -6.208564708874661164e+00 8.854837622802017449e+01 3.354959625830670755e-01
1.465002412202920459e+04 -1.974224104284524728e+01 1.093418768985042675e+02 2.154444591256050590e-01
1.470005861013478898e+04 -2.909893800765589944e+01 1.344976692991794209e+02 1.759983655750482767e-01
1.475008750178764967e+04 -3.231970379044230413e+01 1.624497972599515947e+02 1.952152011604516568e-01
1.480004848656592731e+04 -2.664101323753881445e+01 1.916061914358140257e+02 2.608115008706484161e-01
1.485008297467143348e+04 -9.099822344334128843e+00 2.195367464704820009e+02 3.664079902854935900e-01
1.490004395944971111e+04 2.118677060574628968e+01 2.421640549833294074e+02 5.053537911925494175e-01
1.495007844755529550e+04 6.000675931058857770e+01 2.547252900157085946e+02 6.674129720567266721e-01
1.500003943233357313e+04 9.719546180304095628e+01 2.538731846227358062e+02 8.358005287962114727e-01
1.505000041711185077e+04 1.225010545619678908e+02 2.401343225037243201e+02 9.923426544577423902e-01
1.510010271246831326e+04 1.318247298081465146e+02 2.173468288353608955e+02 1.122393483850022244e+00
1.515006369724651086e+04 1.275090176873040377e+02 1.904584161398722699e+02 1.215761600163715928e+00
1.520009818535209524e+04 1.144925210854331112e+02 1.632152246424895452e+02 1.266815345702851037e+00
1.525005917013037288e+04 9.724064172204387546e+01 1.382931317847216519e+02 1.269556314482909620e+00
1.530002015490865051e+04 7.881438309597814396e+01 1.174902664898149709e+02 1.217830995813794503e+00
1.535005464301423490e+04 6.110510339647557032e+01 1.022908145610066555e+02 1.109460759365351601e+00
1.540001562779243250e+04 4.527967994650027350e+01 9.379737257656059057e+01 9.574503691083494639e-01
1.545011792314889499e+04 3.184203180761476659e+01 9.199368615593058962e+01 7.928270998166614403e-01
1.550007890792717262e+04 2.104160826163456477e+01 9.557638715592921130e+01 6.502920735683587194e-01
1.555003989270476632e+04 1.273565787022157991e+01 1.026036437139643738e+02 5.450494378930669237e-01
1.560007438081103646e+04 6.651008550457305546e+00 1.114389880235990944e+02 4.753273526671456528e-01
1.565003536558863016e+04 2.476967675481276387e+00 1.210118384688528295e+02 4.330744999669691730e-01
1.570006985369482027e+04 -1.081256897184914578e-01 1.308236580857372928e+02 4.101503172754891735e-01
1.575003083847241396e+04 -1.330630663122363444e+00 1.406549882422506528e+02 4.008567232241487810e-01
1.580005973012527465e+04 -1.323483323358296104e+00 1.505292506732799325e+02 4.015758455680167871e-01
1.585009421823085904e+04 -9.456442278667509527e-02 1.605179750495864823e+02 4.104058336629529125e-01
1.590005520300913668e+04 2.465055869064102012e+00 1.707137209017132307e+02 4.265835826843707990e-01
1.595008969111472106e+04 6.602999483458020791e+00 1.812354704948885740e+02 4.502670195760380412e-01
1.600005067589291866e+04 1.267119394270154942e+01 1.920804755030868876e+02 4.821083101361075540e-01
1.605001166067119630e+04 2.114608549832514939e+01 2.031824539294836995e+02 5.233019255015133320e-01
1.610004614877678068e+04 3.257116233895867197e+01 2.143000760885139471e+02 5.753801661614282859e-01
1.615007504042964138e+04 4.737636963820891367e+01 2.248942620255567988e+02 6.397860448203166461e-01
1.620010952853522576e+04 6.565146786544525526e+01 2.340938529991901191e+02 7.177013268172569571e-01
1.625007051331350340e+04 8.667514756165738277e+01 2.406320319385771711e+02 8.091959915699183936e-01
1.630003149809170100e+04 1.086003231095276647e+02 2.430150680498572058e+02 9.128716629498961899e-01
1.635006598619728538e+04 1.283759792733285394e+02 2.398555005635164719e+02 1.025009438018644747e+00
1.640002697097556302e+04 1.424661547782837943e+02 2.304890612325905010e+02 1.138976777116386785e+00
1.645006145908114922e+04 1.484815453172749358e+02 2.153484153351498662e+02 1.247351600096754387e+00
1.650009035073400810e+04 1.460703261843467828e+02 1.959509971285500001e+02 1.342345404425509203e+00
1.655005133551228573e+04 1.368375049624455073e+02 1.743033832266137324e+02 1.417673734984672418e+00
1.660008582361779190e+04 1.231752602062824167e+02 1.521686835640605295e+02 1.468912578923695644e+00
1.665004680839606954e+04 1.073605876934869201e+02 1.309604854098259068e+02 1.492045212939367316e+00
1.670008129650165574e+04 9.094838140201731846e+01 1.114976958442947819e+02 1.482753303490616181e+00
1.675004228127993338e+04 7.493350072516390981e+01 9.442953500054694871e+01 1.434992873277368020e+00
1.680000326605752707e+04 5.975803469463627948e+01 8.025841034051491363e+01 1.340772890798725081e+00
1.685010556141467532e+04 4.555683011194800258e+01 6.962559746787790971e+01 1.192483676086946387e+00
1.690006654619218898e+04 3.243294095340170458e+01 6.342093179807258707e+01 9.939614394045072077e-01
1.695010103429845913e+04 2.029626040789420216e+01 6.227858612410977202e+01 7.694599875131687972e-01
1.700006201907605282e+04 9.162085821242200723e+00 6.617868211250110733e+01 5.606198456072944980e-01
1.705002300385433045e+04 -9.453607694771228864e-01 7.435635395069425613e+01 3.973541953363147194e-01
1.710005749195991666e+04 -9.879271201522840329e+00 8.586973508301707625e+01 2.868811986163501415e-01
1.715001847673811426e+04 -1.727262042199781078e+01 9.993151171793059007e+01 2.238985378800468495e-01
1.720005296484370047e+04 -2.254239926380462933e+01 1.160627219034853965e+02 2.004201083568339925e-01
1.725008185649655934e+04 -2.472674233812046651e+01 1.337789018785278472e+02 2.107481743631335058e-01
1.730004284127483697e+04 -2.252724616105248856e+01 1.524015803558762059e+02 2.512518317070033813e-01
1.735007732938042318e+04 -1.449230090855958508e+01 1.708687368441306091e+02 3.196168292960028245e-01
1.740003831415870081e+04 2.720410133619566295e-01 1.873688608633970603e+02 4.126028025708449176e-01
1.745007280226420698e+04 2.109703450326300356e+01 1.996900045632239937e+02 5.250076906847547242e-01
1.750003378704248462e+04 4.480987410557978023e+01 2.057448620135188548e+02 6.476764682589130073e-01
1.754999477182076225e+04 6.675458713797164023e+01 2.047148920986203393e+02 7.696794892976127622e-01
1.760009706717722656e+04 8.302570672433955679e+01 1.974091625078995094e+02 8.808439111297499124e-01
1.765005805195550420e+04 9.205191550195843320e+01 1.858559631234287508e+02 9.733350447967369368e-01
1.770009254006109040e+04 9.466089161551249731e+01 1.721696963809458509e+02 1.044355606842727768e+00
1.775005352483928800e+04 9.260582176203223526e+01 1.580546759423419303e+02 1.093465578741196431e+00
1.780008801294487421e+04 8.762163990642622480e+01 1.445066434505472728e+02 1.122155357414135191e+00
1.785004899772315184e+04 8.103202640614556174e+01 1.321047071545440588e+02 1.132204158024649354e+00
1.790000998250142948e+04 7.368726019537785987e+01 1.210564657599965841e+02 1.125500802073666540e+00
1.795011227785789379e+04 6.607838298017247780e+01 1.113979373437258005e+02 1.103583036085842739e+00
1.800007326263617142e+04 5.853396523289963937e+01 1.031674648688650251e+02 1.068008220890910520e+00
1.805010775074167759e+04 5.116710637027694020e+01 9.628223762627737869e+01 1.020021986168914818e+00
1.810006873551995523e+04 4.406248280252093252e+01 9.071305587954906002e+01 9.612284875036050114e-01
1.815002972029754892e+04 3.722562688508821793e+01 8.640285990334029975e+01 8.932706542010756534e-01
1.820006420840381907e+04 3.063845328486834774e+01 8.330562781796524519e+01 8.180710383942471076e-01
1.825002519318141276e+04 2.429910114503698537e+01 8.138822119453553228e+01 7.382154935741186419e-01
1.830012748853856101e+04 1.815418970137378452e+01 8.059857700170812222e+01 6.559324069533589707e-01
1.835008847331607467e+04 1.221093453507500826e+01 8.088911887138105783e+01 5.742568176545509440e-01
1.840004945809435230e+04 6.426117251356338045e+00 8.219873904534109954e+01 4.952906879930872863e-01
1.845008394619993851e+04 7.695865500998948505e-01 8.447180051289571168e+01 4.208468026528632833e-01
1.850004493097821614e+04 -4.758714433892443196e+00 8.764390745686702644e+01 3.525620763473374386e-01
1.855007941908380235e+04 -1.018477082122073796e+01 9.167281005544300854e+01 2.911652539624893232e-01
1.860004040386199995e+04 -1.549330159856368638e+01 9.650440010707478677e+01 2.373563800345557806e-01
1.865006929551485882e+04 -2.068828480426984839e+01 1.021202501296866387e+02 1.912071691147326225e-01
1.870010378362044503e+04 -2.573667371926231340e+01 1.084926280201830906e+02 1.528348057794145787e-01
1.875006476839872266e+04 -3.058489946723310737e+01 1.155941953095449293e+02 1.222372059658456411e-01
1.880009925650430887e+04 -3.517620731287553326e+01 1.234319105812414108e+02 9.925362822686314979e-02
1.885006024128258650e+04 -3.939520642316552568e+01 1.319636103472425646e+02 8.389527385663453352e-02
1.890002122606078410e+04 -4.311034019387795269e+01 1.411665865945487610e+02 7.609231841327543377e-02
1.895005571416637031e+04 -4.614652564296619630e+01 1.509957703811857357e+02 7.583198859982230589e-02
1.900008460581922918e+04 -4.827874926345347717e+01 1.613370479334699041e+02 8.308728884399325942e-02
1.905011909392481539e+04 -4.926018926410621646e+01 1.720401153887042938e+02 9.773219857838100211e-02
1.910008007870309302e+04 -4.884176885513905830e+01 1.828736065254269931e+02 1.194390520033243169e-01
1.915004106348137066e+04 -4.681495180069903483e+01 1.935791228879631376e+02 1.476896050221539747e-01
1.920007555158687683e+04 -4.305541996762852364e+01 2.038536565787002530e+02 1.816894678724528256e-01
1.925003653636515446e+04 -3.760454377568517970e+01 2.133415449244476463e+02 2.201505468609505911e-01
1.930007102447074067e+04 -3.065635560639177015e+01 2.217896342011059119e+02 2.617017433115632619e-01
1.935009991612359954e+04 -2.259510665423021436e+01 2.290023239639622545e+02 3.046328695072229586e-01
1.940006090090119324e+04 -1.390958982578719372e+01 2.349353573571208926e+02 3.472670041780469563e-01
1.945009538900746338e+04 -5.055033184024608772e+00 2.397198691185825794e+02 3.883395666074656583e-01
1.950005637378497704e+04 3.556960658125063901e+00 2.435855586940053001e+02 4.267588482433028463e-01
1.955009086189124719e+04 1.172331913304758189e+01 2.468715261746374665e+02 4.621781296234403480e-01
1.960005184666884088e+04 1.937096798307146628e+01 2.499256473267359411e+02 4.945659948844015052e-01
1.965001283144711851e+04 2.662916880746924164e+01 2.530945336051348704e+02 5.245368342369953751e-01
1.970004731955270472e+04 3.376193335960334707e+01 2.566760187269400149e+02 5.531026581174541823e-01
1.975007621120556360e+04 4.111815750326672969e+01 2.608856373968509956e+02 5.815167932070643975e-01
1.980011069931106977e+04 4.913924913967527175e+01 2.658524385222656292e+02 6.113357750621229991e-01
1.985007168408934740e+04 5.830206370663732685e+01 2.715790511880566669e+02 6.442283862725871613e-01
1.990003266886762503e+04 6.912024449493650025e+01 2.779337165025133913e+02 6.820398922085834092e-01
1.995006715697321124e+04 8.205336380699191068e+01 2.845878098020008338e+02 7.266045991420860828e-01
2.000002814175148887e+04 9.729809298392056860e+01 2.909249171534811467e+02 7.793053195441955738e-01
2.005006262985699504e+04 1.147065176103042603e+02 2.960675483420145611e+02 8.412216888385163349e-01
2.010009152150985392e+04 1.333706173041269381e+02 2.988452425472974028e+02 9.121343621889478337e-01
2.015005250628813155e+04 1.515433129859036683e+02 2.980222185326247768e+02 9.902333420705943245e-01
2.020008699439371776e+04 1.669322731111679445e+02 2.926330677003389269e+02 1.072202738755615892e+00
2.025004797917199539e+04 1.772438027192513346e+02 2.824233814042470954e+02 1.152727464095982812e+00
2.030008246727758160e+04 1.812419430610137852e+02 2.680013265439413317e+02 1.226358518110698625e+00
2.035004345205577920e+04 1.790971448751869559e+02 2.507869224057625104e+02 1.287854794215125720e+00
2.040000443683405683e+04 1.721683724232256054e+02 2.324236913510713691e+02 1.333932081595113228e+00
2.045010673219052114e+04 1.622365599625318566e+02 2.143568793526171419e+02 1.363218693889987954e+00
2.050006771696879878e+04 1.510227524757439994e+02 1.977691527166459764e+02 1.375914993025747046e+00
2.055010220507438498e+04 1.397085763533267766e+02 1.832133351729349329e+02 1.373866218707346709e+00
2.060006318985266262e+04 1.290904285713712341e+02 1.709807861402160825e+02 1.359787537632275223e+00
2.065002417463017628e+04 1.195502207871960110e+02 1.610236018183982196e+02 1.336946712503776835e+00
2.070005866273644642e+04 1.112248934852148921e+02 1.531218995776139877e+02 1.308718051094674317e+00
2.075001964751404012e+04 1.041236485746474614e+02 1.469709292445884046e+02 1.278355825531518608e+00
2.080012194287118837e+04 9.809512983016377063e+01 1.421527607234810660e+02 1.248273842408224255e+00
2.085008292764878206e+04 9.297749472899026557e+01 1.382820343745225102e+02 1.220260566396326407e+00
2.090004391242705969e+04 8.850938028083055542e+01 1.349573397847362912e+02 1.194792239688742042e+00
2.095007840053256587e+04 8.442049171239138161e+01 1.318547968801364050e+02 1.171386902018605403e+00
2.100003938531084350e+04 8.046731048744138093e+01 1.287647413691002214e+02 1.148844341267067914e+00
2.105007387341642971e+04 7.642439628811301588e+01 1.255804918935509988e+02 1.125311952212050493e+00
2.110003485819470734e+04 7.215931787883988591e+01 1.223367789274469573e+02 1.098930934616731747e+00
2.115006374984756621e+04 6.759742282901764554e+01 1.191542130926306555e+02 1.067929287815773565e+00
2.120009823795315242e+04 6.275853150052707008e+01 1.162372028796561665e+02 1.031206748098475900e+00
2.125005922273135002e+04 5.772483684229874257e+01 1.138188565719774914e+02 9.885203373931464865e-01
2.130009371083693622e+04 5.259144464534269048e+01 1.121110644631108642e+02 9.403565686281319946e-01
2.135005469561521386e+04 4.749754026436620791e+01 1.112954412362167460e+02 8.883345202632612070e-01
2.140001568039349149e+04 4.255894373723019442e+01 1.114830284150264106e+02 8.345040103378290608e-01
2.145005016849907770e+04 3.788355073738923551e+01 1.127200238627551272e+02 7.811997621221734578e-01
2.150007906015193657e+04 3.358221197348408538e+01 1.149817958813782752e+02 7.308446049364868413e-01
2.155011354825744274e+04 2.974414224392223360e+01 1.181849867689713847e+02 6.853719608897533844e-01
2.160007453303572038e+04 2.645088857746327449e+01 1.221929836138577485e+02 6.462093157078471206e-01
2.165003551781399801e+04 2.375672510810880311e+01 1.268474417542506387e+02 6.140266817454661519e-01
2.170007000591958422e+04 2.169819240283772643e+01 1.319724043602340089e+02 5.889540107555455428e-01
2.175003099069786185e+04 2.029160374516708032e+01 1.373582490780189005e+02 5.707327578094572029e-01
2.180006547880336802e+04 1.950561449110053047e+01 1.428268315263371164e+02 5.585775907025819498e-01
2.185009437045622690e+04 1.927137217363085142e+01 1.481903683220057530e+02 5.514821279501561646e-01
2.190005535523382059e+04 1.947162361333154479e+01 1.532944589144926226e+02 5.481958480520665589e-01
2.195008984334009074e+04 1.995266601753561986e+01 1.580531351189823397e+02 5.473474597266670960e-01
2.200005082811768443e+04 2.053761418954679385e+01 1.624137410113295914e+02 5.475780154966516378e-01
2.205008531622395458e+04 2.105343341983039096e+01 1.664190811201548570e+02 5.476389569060736706e-01
2.210004630100146824e+04 2.134842800428251763e+01 1.701539315953680500e+02 5.465056351716715000e-01
2.215000728577974587e+04 2.131572051721268934e+01 1.737768041564048360e+02 5.434602220094516545e-01
2.220004177388533208e+04 2.089834688059656997e+01 1.774853666965329069e+02 5.381252519665061795e-01
2.225007066553819095e+04 2.009255566706237062e+01 1.814888556154926675e+02 5.304923329357984496e-01
2.230010515364377716e+04 1.894197096906104605e+01 1.860101878776795274e+02 5.208743233277558504e-01
2.235006613842205479e+04 1.753293494623896720e+01 1.912592151175246613e+02 5.098761095732433635e-01
2.240002712320025239e+04 1.598232735625524015e+01 1.974515929749145187e+02 4.982781511051113665e-01
2.245006161130583860e+04 1.443998283441628416e+01 2.048000392154825988e+02 4.870079649559098667e-01
2.250002259608411623e+04 1.310169691387081059e+01 2.134783882941386253e+02 4.771498301153101473e-01
2.255005708418970244e+04 1.220729912623912128e+01 2.237054117244219071e+02 4.698118186037210653e-01
2.260008597584256131e+04 1.207704665478850359e+01 2.356595675908588987e+02 4.662314932675627466e-01
2.265004696062083895e+04 1.313215422152538281e+01 2.495052392677130797e+02 4.677245733144694273e-01
2.270008144872634512e+04 1.594558418264210786e+01 2.654372586104698826e+02 4.757479552522863586e-01
2.275004243350462275e+04 2.126699978335207675e+01 2.834914323437822645e+02 4.918779791857808004e-01
2.280007692161020896e+04 3.008564116970359237e+01 3.036469551691492370e+02 5.178945964711852978e-01
2.285003790638848659e+04 4.351512910180700544e+01 3.254757197512252560e+02 5.554537090415275769e-01
2.289999889116676422e+04 6.265807135230593872e+01 3.481520539296811307e+02 6.059970039161092226e-01
2.295010118652322853e+04 8.814289611052917905e+01 3.702174247005321490e+02 6.702067660298265395e-01
2.300006217130142613e+04 1.190511763448725162e+02 3.893716380967076702e+02 7.464045172753812629e-01
2.305009665940701234e+04 1.527838718089406598e+02 4.033377179164902486e+02 8.310192004435792423e-01
2.310005764418528997e+04 1.850003681310261641e+02 4.105073776791027171e+02 9.175131233746411930e-01
2.315001862896288367e+04 2.117979261572040741e+02 4.110912586848556884e+02 9.988911986295095913e-01
2.320005311706915381e+04 2.315350684411979501e+02 4.071213264903068989e+02 1.069836822923451169e+00
2.325001410184666747e+04 2.452664022695759627e+02 4.015814870966593730e+02 1.128425055061168081e+00
2.330011639720381572e+04 2.558250352539032519e+02 3.971254243322599677e+02 1.177254134615596692e+00
2.335007738198140942e+04 2.660875210035380292e+02 3.953222709936829915e+02 1.221375473292936276e+00
2.340011187008767956e+04 2.781311161296500245e+02 3.962824751173180289e+02 1.267421026159855968e+00
2.345007285486527326e+04 2.924182875787886928e+02 3.987597902548548063e+02 1.320788890403301385e+00
2.350003383964355089e+04 3.076105831659601790e+02 4.004642904844009195e+02 1.384479522247190175e+00
2.355006832774905706e+04 3.207281281789839227e+02 3.987226295121633939e+02 1.457885764832498321e+00
2.360002931252733470e+04 3.282231453124526865e+02 3.914924701115436960e+02 1.536457758908727822e+00
2.365013160788379901e+04 3.278470980283321410e+02 3.781969738078469732e+02 -1.527605776283829542e+00
2.370009259266207664e+04 3.197208586522989435e+02 3.600503556504176572e+02 -1.458057131009160345e+00
2.375005357744035427e+04 3.059645526990630060e+02 3.391537985316535355e+02 -1.400879967448280139e+00
2.380008806554594048e+04 2.893454559934763211e+02 3.176827039100581942e+02 -1.358116609494147475e+00
2.385004905032413808e+04 2.723078737501429032e+02 2.974038389956551782e+02 -1.329811632652620812e+00
2.390008353842972429e+04 2.563965067796039534e+02 2.793170157873117887e+02 -1.314329446752853237e+00
2.395004452320800192e+04 2.425173459793251993e+02 2.639942841055981262e+02 -1.309317529797069835e+00
2.400007341486086079e+04 2.309827402909692182e+02 2.515375407567975969e+02 -1.311916219058964383e+00
2.405010790296644700e+04 2.218566304939856195e+02 2.418723357129248086e+02 -1.319108716587677810e+00
2.410006888774472463e+04 2.150146831094089634e+02 2.347525335502892290e+02 -1.327866633244282335e+00
2.415010337585023080e+04 2.101898260706344388e+02 2.297859046717205160e+02 -1.335420607618060584e+00
2.420006436062850844e+04 2.070618176415569849e+02 2.265274549988509136e+02 -1.339385179997787390e+00
2.425002534540678607e+04 2.052067498678717072e+02 2.244430308928156421e+02 -1.338031523801724187e+00
2.430005983351237228e+04 2.041345979370343002e+02 2.229686978745385488e+02 -1.330359296269034264e+00
2.435008872516523115e+04 2.033094619732707713e+02 2.215490489620232779e+02 -1.316194901355745239e+00
2.440012321327081736e+04 2.021926982637508843e+02 2.196811949685837249e+02 -1.296132473339036917e+00
2.445008419804901496e+04 2.003192563919868121e+02 2.169767146964310314e+02 -1.271440394714057343e+00
2.450004518282660865e+04 1.973591389468070361e+02 2.131899348042744577e+02 -1.243735204055048449e+00
2.455007967093287880e+04 1.931580670895996548e+02 2.082319112748741077e+02 -1.214798179703480363e+00
2.460004065571047249e+04 1.877655806469659865e+02 2.021843737964802017e+02 -1.186503720414700647e+00
2.465007514381674264e+04 1.813510060018673187e+02 1.952074019289655951e+02 -1.160362884663498129e+00
2.470003612859425630e+04 1.742061695769175458e+02 1.875619959176740110e+02 -1.137759101899390446e+00
2.475006502024711517e+04 1.666122390292681246e+02 1.794869051207489292e+02 -1.119635277297520215e+00
2.480009950835270138e+04 1.588611278102723077e+02 1.712395034441234714e+02 -1.106763582846799876e+00
2.485006049313097901e+04 1.512042912371453269e+02 1.630513933241234668e+02 -1.099681065255282642e+00
2.490009498123656522e+04 1.438060398278827279e+02 1.550822855718186020e+02 -1.098744020596378324e+00
2.495005596601484285e+04 1.368256576330714438e+02 1.475073524209247466e+02 -1.104228185191596268e+00
2.500001695079304045e+04 1.303499423970924624e+02 1.404419536376676376e+02 -1.116322023498914184e+00
2.505005143889862666e+04 1.244404854803748606e+02 1.339890142993004645e+02 -1.135171245798411110e+00
2.510008033055148553e+04 1.191607798757596441e+02 1.282654786067447787e+02 -1.160755382881428988e+00
2.515011481865707174e+04 1.145553642341648128e+02 1.233758184519317496e+02 -1.192886363738408617e+00
2.520007580343534937e+04 1.106767727994033237e+02 1.194362720778327827e+02 -1.231013599346601151e+00
2.525003678821362701e+04 1.075722165138246993e+02 1.165548725030907207e+02 -1.274276120038640769e+00
2.530007127631913318e+04 1.053070831877572004e+02 1.148486142111213866e+02 -1.321305276154556063e+00
2.535003226109741081e+04 1.039740359802699459e+02 1.144361396504191930e+02 -1.369914530138989894e+00
2.540006674920299702e+04 1.036754355162153161e+02 1.154125586070673251e+02 -1.417612511412256859e+00
2.545009564085585589e+04 1.045388536498999770e+02 1.178417896839524559e+02 -1.461253988621134647e+00
2.550005662563413352e+04 1.066958511860061236e+02 1.217275469415049116e+02 -1.497560233820900422e+00
2.555009111373971973e+04 1.102789586628604468e+02 1.270169933628604753e+02 -1.523533043826419853e+00
2.560005209851791733e+04 1.153567704420083118e+02 1.335323780839680694e+02 -1.536432245100537886e+00
2.565008658662350354e+04 1.219145711107634185e+02 1.410043999930335872e+02 -1.534292470808755970e+00
2.570004757140178117e+04 1.297090679005985123e+02 1.489714887345747627e+02 -1.515969780886081697e+00
2.575000855617937486e+04 1.382398339215312433e+02 1.568423783961539186e+02 -1.481335818454914355e+00
2.580011085153652311e+04 1.466870972195363834e+02 1.638982755620507135e+02 -1.431249965448847972e+00
2.585007183631411681e+04 1.538897466082225947e+02 1.693144052069720829e+02 -1.368244543460481744e+00
2.590010632442030692e+04 1.587228488754373359e+02 1.724348123572474663e+02 -1.295427316721501798e+00
2.595006730919790061e+04 1.603038897712118001e+02 1.728357261081705190e+02 -1.217051448434331329e+00
2.600002829397617825e+04 1.583318392590308576e+02 1.704730286965586572e+02 -1.137129040253425316e+00
2.605006278208176445e+04 1.530940190027169763e+02 1.656294425611650354e+02 -1.059116253905901139e+00
2.610002376686004209e+04 1.453307737932856583e+02 1.588304004255346626e+02 -9.858609498756772949e-01
2.615012606221650640e+04 1.358820178418784792e+02 1.506216043216014668e+02 -9.186354626845607552e-01
2.620008704699470400e+04 1.255995555607069036e+02 1.415718362623493647e+02 -8.585019475398805167e-01
2.625004803177298163e+04 1.150662431253443998e+02 1.320662527931671377e+02 -8.053356436628453796e-01
2.630008251987856784e+04 1.046706633377425817e+02 1.223720702093458925e+02 -7.588344860896523159e-01
2.635004350465684547e+04 9.467977639634943898e+01 1.126915953599395408e+02 -7.188405760686474855e-01
2.640007799276243168e+04 8.518511503616292657e+01 1.030901598181241354e+02 -6.851057261949496935e-01
2.645003897754062928e+04 7.626761584763048063e+01 9.363816443505901077e+01 -6.579710549588072555e-01
2.650006786919348815e+04 6.792494255648217916e+01 8.432607016309235348e+01 -6.382084572474951978e-01
2.655010235729907436e+04 6.018795088191185982e+01 7.518236802056870260e+01 -6.276240907515096001e-01
2.660006334207735199e+04 5.309849011050121703e+01 6.626056382612432571e+01 -6.293226449924765875e-01
2.665009783018293820e+04 4.668362262278776598e+01 5.762155326728098004e+01 -6.483947354415960929e-01
2.670005881496121583e+04 4.102262806195466993e+01 4.945402717563731443e+01 -6.926836242839560231e-01
2.675001979973941343e+04 3.616687181596849143e+01 4.202202908572600393e+01 -7.737626390830421030e-01
2.680005428784499964e+04 3.215960411499192872e+01 3.575736256745498309e+01 -9.065043421450846850e-01
2.685008317949785851e+04 2.903557905216740664e+01 3.130671485308627311e+01 -1.101761099973415092e+00
2.690011766760344472e+04 2.679966510431077253e+01 2.936753728101194483e+01 -1.348257189904523923e+00
2.695007865238172235e+04 2.544966600569249593e+01 3.027604281863614588e+01 1.541982163759406221e+00
2.700003963715931604e+04 2.498651010996555399e+01 3.369339161160651486e+01 1.335418601810941963e+00
2.705007412526550615e+04 2.544387964729273222e+01 3.892953115880577286e+01 1.191387422704553778e+00
2.710003511004309985e+04 2.689368524284312656e+01 4.535553144649886548e+01 1.103273288336612978e+00
2.715006959814936999e+04 2.945791359899539330e+01 5.258468096694651450e+01 1.058299263429939741e+00
2.720003058292696369e+04 3.327813999041399029e+01 6.032467237223013967e+01 1.046813581957580563e+00
2.725005947457982256e+04 3.850783197780825162e+01 6.835589346231483887e+01 1.062547999905589791e+00
2.730009396268540877e+04 4.520278384642124081e+01 7.636916330034031830e+01 1.101799965761396827e+00
2.735005494746360637e+04 5.319974916530272679e+01 8.392743086381091189e+01 1.161958069526334514e+00
2.740008943556919257e+04 6.200860771189601905e+01 9.047092467758861289e+01 1.240796335599892108e+00
2.745005042034747021e+04 7.062734406785405383e+01 9.528156742753724018e+01 1.334818160189336522e+00
2.750001140512574784e+04 7.772880248683084403e+01 9.769322980329341988e+01 1.439361521327169324e+00
2.755004589323133405e+04 8.199848620511069441e+01 9.726213660922896054e+01 1.548291939474827794e+00
2.760007478488419292e+04 8.264632548903037446e+01 9.395637337002055745e+01 -1.487306610067154811e+00
2.765010927298969909e+04 7.973752977876634418e+01 8.818081801617374538e+01 -1.391180628987195744e+00
2.770007025776797673e+04 7.404952336630421428e+01 8.062854661345370744e+01 -1.311062135141222162e+00
2.775003124254625436e+04 6.663528357084277332e+01 7.203258159726013332e+01 -1.251954916187008493e+00
2.780006573065184057e+04 5.846159371565732954e+01 6.303920565972188683e+01 -1.219048804650325613e+00
2.785002671543011820e+04 5.028564803790737869e+01 5.422356508194641833e+01 -1.219201248089325729e+00
2.790006120353562437e+04 4.256271471640334880e+01 4.605700774850593859e+01 -1.262362799353476728e+00
2.795009009518848325e+04 3.559618924242192151e+01 3.911360539089702826e+01 -1.362056483651903571e+00
2.800005107996676088e+04 2.957036618910638026e+01 3.413247764046595023e+01 -1.529181812753264369e+00
2.805008556807234709e+04 2.459417352807562196e+01 3.193954562299880706e+01 1.388101925629460442e+00
2.810004655285062472e+04 2.079588042613485044e+01 3.300399929650996000e+01 1.156412467239041009e+00
2.815008104095621093e+04 1.828645411658568420e+01 3.695328807995362297e+01 9.727841300338536668e-01
2.820004202573440853e+04 1.720539245044775711e+01 4.287075914722733216e+01 8.577446467341042213e-01
2.825000301051200222e+04 1.767295609795241518e+01 4.988515908721913661e+01 8.022869864010753194e-01
2.830010530586915047e+04 1.977706162191963912e+01 5.734143408602326986e+01 7.913975847973682143e-01
2.835006629064674416e+04 2.348262500835329902e+01 6.465739554038732706e+01 8.126872948644954242e-01
2.840010077875301431e+04 2.861123153649898398e+01 7.138968749865263419e+01 8.570808746405159662e-01
2.845006176353060800e+04 3.474547371113298766e+01 7.708853149783377035e+01 9.175857312393592702e-01
2.850002274830880560e+04 4.129011291409983642e+01 8.140227284464725699e+01 9.886119306711999011e-01
2.855005723641439181e+04 4.754032661221430089e+01 8.408473060390811327e+01 1.065316093214260240e+00
2.860001822119266944e+04 5.279762977592740469e+01 8.503132642753440962e+01 1.143044378496847147e+00
2.865012051654913375e+04 5.657858905161051410e+01 8.430657567996956914e+01 1.218280781949025560e+00
2.870008150132741139e+04 5.861756232234707653e+01 8.210956904875084206e+01 1.287440431252596218e+00
2.875004248610568902e+04 5.893344653705070613e+01 7.871334039564669638e+01 1.348260876496977234e+00
2.880007697421119519e+04 5.770857371385655910e+01 7.440764106639034026e+01 1.398867328862519521e+00
2.885003795898947283e+04 5.522300681811565681e+01 6.948623257028586409e+01 1.437470078114920335e+00
2.890007244709505903e+04 5.176457014331240458e+01 6.418086883136795961e+01 1.462536644267712793e+00
2.895003343187333667e+04 4.761104240494278628e+01 5.871583143526830639e+01 1.472007503532198225e+00
2.900006232352619554e+04 4.297211513540856487e+01 5.325879737779973766e+01 1.463215327981082003e+00
2.905009681163178175e+04 3.802441453903919211e+01 4.799416765328877688e+01 1.432375264878513965e+00
2.910005779640997935e+04 3.290464960626415802e+01 4.312886097267884367e+01 1.374605636319611746e+00
2.915009228451556555e+04 2.769272502688786020e+01 3.890236110241110623e+01 1.284012025209932295e+00
2.920005326929384319e+04 2.247600717164504047e+01 3.566222668225276493e+01 1.156624960906480704e+00
2.925008775739942939e+04 1.729905869242661254e+01 3.380742409968237183e+01 9.943512962117913023e-01
2.930004874217770703e+04 1.223494380080043342e+01 3.373089372159835619e+01 8.121455967928362663e-01
2.935007763383056590e+04 7.336183279063758889e+00 3.563977696346181290e+01 6.344644071807312713e-01
2.940011212193607207e+04 2.697552408249359601e+00 3.947941600236117665e+01 4.846552061994012783e-01
2.945007310671434971e+04 -1.549562665270627804e+00 4.500584074282556202e+01 3.739705317610970692e-01
2.950010759481993591e+04 -5.237351770325124889e+00 5.196703780380141069e+01 3.023434704865656242e-01
2.955006857959821355e+04 -8.096883667896893400e+00 6.011377120283394504e+01 2.655431378936246589e-01
2.960002956437580724e+04 -9.774717964685443405e+00 6.925940673650643475e+01 2.585341247806212661e-01
2.965006405248199735e+04 -9.794224485132321689e+00 7.920699501280913069e+01 2.775423576174985141e-01
2.970009294413417592e+04 -7.576374773443131261e+00 8.964479507269437875e+01 3.199409954538896539e-01
2.975012743224044607e+04 -2.536194338266625437e+00 1.001178011190788197e+02 3.837689523745500542e-01
2.980008841701803976e+04 5.696394174823616652e+00 1.099385729540583299e+02 4.668422005476311476e-01
2.985004940179631740e+04 1.698900886717632375e+01 1.182515084364779057e+02 5.663087011354488443e-01
2.990008388990190360e+04 3.040927328933644702e+01 1.241294975501458708e+02 6.778941419475092989e-01
2.995004487468010120e+04 4.416424836220786432e+01 1.268234647499884460e+02 7.952655792181841932e-01
3.000007936278568741e+04 5.625047965449082454e+01 1.260816887141225067e+02 9.119583357364259291e-01
3.005004034756396504e+04 6.506573419602671038e+01 1.222096295401462811e+02 1.021311996799847854e+00
3.010006923921682392e+04 7.001222964462807852e+01 1.159085633778693136e+02 1.118863283782582263e+00
3.015010372732241012e+04 7.132879054381974981e+01 1.080256415698675596e+02 1.201597665572780693e+00
3.020006471210068776e+04 6.975617095001834400e+01 9.932805150949708661e+01 1.268127798256696526e+00
3.025009920020619393e+04 6.612786769459599157e+01 9.035243942549723783e+01 1.318283340781969182e+00
3.030006018498447156e+04 6.117608777963339151e+01 8.149618569018647918e+01 1.351818937044148461e+00
3.035002116976274920e+04 5.543439483761682141e+01 7.297188168140218067e+01 1.368463676341838520e+00
3.040005565786833540e+04 4.925954636393255015e+01 6.490244943015983381e+01 1.367175232821538078e+00
3.045008454952119428e+04 4.289416773300282415e+01 5.739203431954649659e+01 1.345863189428082141e+00
3.050011903762678048e+04 3.647677773483017916e+01 5.052426053194165689e+01 1.301129846275344226e+00
3.055008002240497808e+04 3.009527304463566111e+01 4.442309275539869873e+01 1.228238902907684338e+00
3.060004100718325572e+04 2.377870125453893024e+01 3.925323679550568556e+01 1.121340949877653426e+00
3.065007549528884192e+04 1.753289334599588400e+01 3.526745938771909294e+01 9.756962701789618775e-01
3.070003648006711956e+04 1.137794995695501576e+01 3.279935314802543900e+01 7.937120017405656647e-01
3.075007096817270576e+04 5.291215574519540610e+00 3.212803148536783482e+01 5.892569007990700047e-01
3.080009985982556464e+04 -7.235797192279012080e-01 3.335190216039607236e+01 3.876848795119306468e-01
3.085006084460307829e+04 -6.663106077287299200e+00 3.630040428976124645e+01 2.121520166435494348e-01
3.090009533270934844e+04 -1.254326952610641932e+01 4.066240920618437826e+01 7.257169569021759692e-02
3.095005631748694213e+04 -1.833843629818854737e+01 4.610119859954588151e+01 -3.143782295204522459e-02
3.100009080559321228e+04 -2.404730273683963304e+01 5.237882592628386647e+01 -1.058535860413824803e-01
3.105005179037080597e+04 -2.962231957123550075e+01 5.929930671729474057e+01 -1.566751383339650416e-01
3.110001277514900357e+04 -3.502636229002480661e+01 6.674902617515238035e+01 -1.892007836047928659e-01
3.115011507050546788e+04 -4.021117209813775162e+01 7.466080957907523441e+01 -2.073646827966263428e-01
3.120007605528374552e+04 -4.506669073359702082e+01 8.291399365436178925e+01 -2.139201531625933850e-01
3.125011054338933172e+04 -4.951566238445391832e+01 9.146816555628087997e+01 -2.110134301459687667e-01
3.130007152816760936e+04 -5.343150087647804014e+01 1.002149010874841082e+02 -2.002285203039195216e-01
3.135003251294588699e+04 -5.669903236227851551e+01 1.090692016729165346e+02 -1.828196375727161593e-01
3.140006700105139316e+04 -5.920104276641186658e+01 1.179300491004863005e+02 -1.598218441510957100e-01
3.145002798582967080e+04 -6.082605515657051143e+01 1.266421378541750613e+02 -1.322985041386492977e-01
3.150013028118613511e+04 -6.150837865099290980e+01 1.351033579208397555e+02 -1.011122901830217025e-01
3.155009126596441274e+04 -6.122416351833458492e+01 1.431276885394410385e+02 -6.745369040903757829e-02
3.160005225074269038e+04 -6.002011320534235495e+01 1.506150925734725945e+02 -3.228779999591512018e-02
3.165008673884827658e+04 -5.800395103047330991e+01 1.574785258955806739e+02 3.369318164803388437e-03
3.170004772362647418e+04 -5.535457649797720592e+01 1.636414011780366877e+02 3.835936570228364040e-02
3.175008221173206039e+04 -5.228268461193987804e+01 1.691141105904249571e+02 7.179229310356476101e-02
3.180004319651033802e+04 -4.903722690761051695e+01 1.739242187045353205e+02 1.026883788280385096e-01
3.185007208816319690e+04 -4.584678735750120637e+01 1.781776398170640050e+02 1.304011868718596423e-01
3.190010657626878310e+04 -4.293028205784274576e+01 1.820014729960609827e+02 1.543282684372036528e-01
3.195006756104706074e+04 -4.046990845265929693e+01 1.855562419089600894e+02 1.740634203969223803e-01
3.200010204915256691e+04 -3.859553701657831937e+01 1.890424736558705092e+02 1.894687770110561054e-01
3.205006303393084454e+04 -3.741008384417835231e+01 1.926580425928652858e+02 2.004722076925423979e-01
3.210002401870843823e+04 -3.697440250564704911e+01 1.966325888453317248e+02 2.072265196841814872e-01
3.215005850681470838e+04 -3.732846161486086345e+01 2.012174819051556085e+02 2.100011039143133418e-01
3.220008739846688695e+04 -3.849459984915056054e+01 2.066795479190279536e+02 2.091885963929620007e-01
3.225012188657315710e+04 -4.048195235764286082e+01 2.133353811799939876e+02 2.053363569231603791e-01
3.230008287135067076e+04 -4.328300131213379842e+01 2.215511822837698048e+02 1.991679340320874625e-01
3.235004385612894839e+04 -4.687880780965014793e+01 2.318120591255737679e+02 1.916040340038197287e-01
3.240007834423453460e+04 -5.121459204881268334e+01 2.447625956615626137e+02 1.838615830056496980e-01
3.245003932901281223e+04 -5.612317290501830058e+01 2.612092667459230029e+02 1.776513119081563619e-01
3.250007381711839844e+04 -6.125271269542578523e+01 2.823759837492834777e+02 1.753715622949882091e-01
3.255003480189659604e+04 -6.574309044076602504e+01 3.098546252568987143e+02 1.806210235942493636e-01
3.260006369354945491e+04 -6.766160800103997985e+01 3.460397120242679989e+02 1.989830709010843579e-01
3.265009818165504112e+04 -6.252999072166848293e+01 3.939403761646751150e+02 2.393400445074900795e-01
3.270005916643331875e+04 -4.038263196801543131e+01 4.564323933761442618e+02 3.156608998707379210e-01
3.275009365453890496e+04 1.859684482674626338e+01 5.326079368195636334e+02 4.486332420002334676e-01
3.280005463931718259e+04 1.370726529309964121e+02 6.052846520217901798e+02 6.572837495220443804e-01
3.285001562409538019e+04 2.909523654607192498e+02 6.322573219725263698e+02 9.292672703002045065e-01
3.290005011220096640e+04 3.852168806767085130e+02 5.869764335933402890e+02 1.195462499155861780e+00
3.295007900385382527e+04 3.877947464603941512e+02 5.034419783007278397e+02 1.388610483729085132e+00
3.300011349195941148e+04 3.483971302451951715e+02 4.231849832598582566e+02 1.500068401220272074e+00
3.305007447673768911e+04 3.041279897438801640e+02 3.602978593237006066e+02 1.550950792535611855e+00
3.310003546151596674e+04 2.664977639465924426e+02 3.140234973064962105e+02 1.562840893076302029e+00
3.315006994962147292e+04 2.368108940335330033e+02 2.805633516507928107e+02 1.550830730961826998e+00
3.320003093439975055e+04 2.139433566244991027e+02 2.566037835157431459e+02 1.525002317716026567e+00
3.325006542250533676e+04 1.963664821105983833e+02 2.395352665382555699e+02 1.492016244224622312e+00
3.330009431415819563e+04 1.829266320342138954e+02 2.275920580101753501e+02 1.456507849610364724e+00
3.335005529893578932e+04 1.727483469112439707e+02 2.194911967754224236e+02 1.421685109754752041e+00
3.340008978704205947e+04 1.651617741151231655e+02 2.142716634174623778e+02 1.389609799892623565e+00
3.345005077181957313e+04 1.597210684366388591e+02 2.112454826888338744e+02 1.361808735614306709e+00
3.350008525992584327e+04 1.560569232390589320e+02 2.098554597952291374e+02 1.339100292293031513e+00
3.355004624470343697e+04 1.538999418099778325e+02 2.096624207563491211e+02 1.322047791508477177e+00
3.360000722948171460e+04 1.530034898288892578e+02 2.102894438665103962e+02 1.310799338031095385e+00
3.365010952483817528e+04 1.531444884756704710e+02 2.114126491919635953e+02 1.305281296133950386e+00
3.370007050961645291e+04 1.540947280372128034e+02 2.127311060884461256e+02 1.305242239506657631e+00
3.375010499772195908e+04 1.556166837556901896e+02 2.139841748553347998e+02 1.310192519838568215e+00
3.380006598250023671e+04 1.574526449577734013e+02 2.149344092742039436e+02 1.319461004548147409e+00
3.385002696727851435e+04 1.593453377617525177e+02 2.153897290093005665e+02 1.332235723336463673e+00
3.390006145538410055e+04 1.610478754501997116e+02 2.152057403911506412e+02 1.347595743742081131e+00
3.395002244016237819e+04 1.623378888099095718e+02 2.143003954784688005e+02 1.364467728489841214e+00
3.400012473551883886e+04 1.630567400190465150e+02 2.126534505379312634e+02 1.381876573744144299e+00
3.405008572029703646e+04 1.631094861633056610e+02 2.103265925530653249e+02 1.398735458669112752e+00
3.410004670507531409e+04 1.624866369424185848e+02 2.074264387634492834e+02 1.414245089649105891e+00
3.415008119318090030e+04 1.612457368081951756e+02 2.040992230044895734e+02 1.427784571116197609e+00
3.420004217795917793e+04 1.595056782945364660e+02 2.005257400216347037e+02 1.438935859882809032e+00
3.425007666606476414e+04 1.574087906647057764e+02 1.968632212352960096e+02 1.447639486712892998e+00
3.430003765084296174e+04 1.551151801200457214e+02 1.932651161075464188e+02 1.454055900346757246e+00
3.435006654249582061e+04 1.527565627910727812e+02 1.898226225462852312e+02 1.458626578015870479e+00
3.440010103060140682e+04 1.504397536298159821e+02 1.865892925101517505e+02 1.461928331115710300e+00
3.445006201537968445e+04 1.482252580815563476e+02 1.835617108290201429e+02 1.464608427257539480e+00
3.450009650348527066e+04 1.461096179376838222e+02 1.806680554152320894e+02 1.467277211954131078e+00
3.455005748826354829e+04 1.440471325131471474e+02 1.778081396944118069e+02 1.470365495053697513e+00
3.460001847304106195e+04 1.419330426689544424e+02 1.748380818910321466e+02 1.474050893190125500e+00
3.465005296114733210e+04 1.396243865614902404e+02 1.716021851061115058e+02 1.478171494008440279e+00
3.470008185279950703e+04 1.369651091372509768e+02 1.679657440430648307e+02 1.482162975511982506e+00
3.475011634090577718e+04 1.337990401515959888e+02 1.638242878915986296e+02 1.485064412940447776e+00
3.480007732568337087e+04 1.300053608340539881e+02 1.591390227195490183e+02 1.485531313083145122e+00
3.485003831046164851e+04 1.255025946940302362e+02 1.539315178442944898e+02 1.481892777881643974e+00
3.490007279856715468e+04 1.202683894494325614e+02 1.483047618805415766e+02 1.472188427604446348e+00
3.495003378334543231e+04 1.143714928110221223e+02 1.424765458343559317e+02 1.454346645298981056e+00
3.500006827145101852e+04 1.079114828769514247e+02 1.367223762757393217e+02 1.426228534833156036e+00
3.505002925622929615e+04 1.010779371584619781e+02 1.314395936430813094e+02 1.386150183150714366e+00
3.510013155158575682e+04 9.405573854852931959e+01 1.270682427611260294e+02 1.332945301851001352e+00
3.515009253636403446e+04 8.713453957670505190e+01 1.241490068340636839e+02 1.267427343503524151e+00
3.520005352114223206e+04 8.057623831454851882e+01 1.231893131716733336e+02 1.192139738190588494e+00
3.525008800924781826e+04 7.468662935623498811e+01 1.246423068667719463e+02 1.112051393775282948e+00
3.530004899402609590e+04 6.983003602022171208e+01 1.287881405157847610e+02 1.034240153129413198e+00
3.535008348213168210e+04 6.636812338727993676e+01 1.356864917833862592e+02 9.655195736997700395e-01
3.540004446690995974e+04 6.469690095318739509e+01 1.451061439284035544e+02 9.116098630847720985e-01
3.545007335856281861e+04 6.516997032166138126e+01 1.566317109727992261e+02 8.754124706393041633e-01
3.550010784666832478e+04 6.805914325198654069e+01 1.696360974716465932e+02 8.575955541389657100e-01
3.555006883144660242e+04 7.345029157060001523e+01 1.833692003685409873e+02 8.568233815736484571e-01
3.560010331955218862e+04 8.120850636010298729e+01 1.971067975782807196e+02 8.705200329227722467e-01
3.565006430433046626e+04 9.088518193224817310e+01 2.100957188387071994e+02 8.953998423741656998e-01
3.570002528910874389e+04 1.018370764605653847e+02 2.217878440034283187e+02 9.280088822240780688e-01
3.575005977721425006e+04 1.133254410677003818e+02 2.318473669179072942e+02 9.650953042824189643e-01
3.580008866886710894e+04 1.246331991973161735e+02 2.401574295064876878e+02 1.003757100891455645e+00
3.585012315697269514e+04 1.352563508405871744e+02 2.468536871724633386e+02 1.041833484412058919e+00
3.590008414175097278e+04 1.449318922886042174e+02 2.522285468581405325e+02 1.077883646153516173e+00
3.595004512652856647e+04 1.536746997613471990e+02 2.566755272370694456e+02 1.111353283121391033e+00
3.600007961463483662e+04 1.616791694655588003e+02 2.605882332877471868e+02 1.142349274329043540e+00
3.605004059941235028e+04 1.692102112097052213e+02 2.642883082583425676e+02 1.171379616399083945e+00
3.610007508751862042e+04 1.766072395835153657e+02 2.680221120668959429e+02 1.199507917512654176e+00
3.615010397917079536e+04 1.841362372395705620e+02 2.718923554372805143e+02 1.227877747331077574e+00
3.620006496394907299e+04 1.919655004992135332e+02 2.758571929888066734e+02 1.257678134188500385e+00
3.625009945205465920e+04 2.001406410486929417e+02 2.797376066412908813e+02 1.290075502251361694e+00
3.630006043683293683e+04 2.084604028602865071e+02 2.831864074545280801e+02 1.325722343023113980e+00
3.635009492493844300e+04 2.165485040526355931e+02 2.857627635551859271e+02 1.364963016747114288e+00
3.640005590971672063e+04 2.237838656655672764e+02 2.869582903160033425e+02 1.407279712048577380e+00
3.645001689449499827e+04 2.294769030502373255e+02 2.863199903534537043e+02 1.451639240200268910e+00
3.650011918985145894e+04 2.329785891213187767e+02 2.835257273007982803e+02 1.496469605476579146e+00
3.655008017462973658e+04 2.338255625594111109e+02 2.785076445307090580e+02 1.539406822841910660e+00
3.660011466273532278e+04 2.319091740677175437e+02 2.714197737029715540e+02 -1.563201968446046752e+00
3.665007564751352038e+04 2.274549623497244681e+02 2.626703507375726758e+02 -1.530395883441562077e+00
3.670003663229179801e+04 2.209344296701457893e+02 2.527731011382173563e+02 -1.505496619976899320e+00
3.675007112039738422e+04 2.129300620184266677e+02 2.422827798508401145e+02 -1.489890175010870177e+00
3.680003210517566185e+04 2.040649428184651129e+02 2.317833525038730613e+02 -1.484660029949063764e+00
3.685013440053212253e+04 1.948293543987795147e+02 2.217369348061496055e+02 -1.490548518933934918e+00
3.690009538531040016e+04 1.857043881669669361e+02 2.126603550815740675e+02 -1.508023805053872568e+00
3.695005637008859776e+04 1.770016010549997532e+02 2.049640193721656942e+02 -1.537344578723994992e+00
3.700009085819418397e+04 1.689872392152934708e+02 1.991005986441298887e+02 1.563099081190593376e+00
3.705005184297246160e+04 1.619462266093926530e+02 1.956134528553342022e+02 1.510902378889309450e+00
3.710008633107804781e+04 1.561592368355040037e+02 1.951329328340808331e+02 1.449092610713562435e+00
3.715004731585632544e+04 1.520585613089691890e+02 1.984590451049418789e+02 1.380779410155702491e+00
3.720007620750850037e+04 1.502751233577065193e+02 2.066045928919344306e+02 1.310402919381186804e+00
3.725011069561469048e+04 1.518680855861906593e+02 2.208249688377518680e+02 1.244523051630608501e+00
3.730007168039228418e+04 1.585863978452039760e+02 2.426310148757444267e+02 1.191422665415639903e+00
3.735010616849855433e+04 1.734009140084497744e+02 2.739224997056054463e+02 1.160708942205259886e+00
3.740006715327614802e+04 2.009973029596238518e+02 3.164544945900472612e+02 1.163838371417448281e+00
3.745002813805442565e+04 2.478600316448767842e+02 3.709329068589177609e+02 1.213780036525293315e+00
3.750006262615993182e+04 3.185723609116877242e+02 4.334963503483442651e+02 1.323548400175064144e+00
3.755002361093820946e+04 4.023969496510434283e+02 4.896118819094187415e+02 1.496815468789693959e+00
3.760012590629467013e+04 4.622046769948212273e+02 5.159334027931313358e+02 -1.427725666588206987e+00
3.765008689107294776e+04 4.644469659277962705e+02 5.006498825437535629e+02 -1.213253336479035882e+00
3.770004787585122540e+04 4.220014019421302010e+02 4.575982558636954991e+02 -1.038620221235305729e+00
3.775008236395681161e+04 3.666972431979539806e+02 4.070116011933291134e+02 -9.133228952410926693e-01
3.780004334873500920e+04 3.166294247424316950e+02 3.602523389734851094e+02 -8.298243971811114505e-01
3.785007783684059541e+04 2.760833046672721025e+02 3.204052308866475869e+02 -7.766450940019467009e-01
3.790003882161887304e+04 2.443426614339642526e+02 2.873875939742423498e+02 -7.449195314348578956e-01
3.795006771327173192e+04 2.193900166835611287e+02 2.599740745350672455e+02 -7.283308307638365342e-01
3.800010220137731812e+04 1.995337935255120954e+02 2.370436613715776843e+02 -7.228745246181116357e-01
3.805006318615559576e+04 1.834800484826291722e+02 2.176589612738384574e+02 -7.259647001766871277e-01
3.810009767426110193e+04 1.702339288340920120e+02 2.010191552942083888e+02 -7.360205781271492720e-01
3.815005865903937956e+04 1.591630510764520068e+02 1.866177841119800007e+02 -7.520890283025994938e-01
3.820001964381765720e+04 1.497702466406516351e+02 1.740201431783237354e+02 -7.737178539735540816e-01
3.825005413192324340e+04 1.417059819719569873e+02 1.629156936053386460e+02 -8.008195628237386732e-01
3.830008302357610228e+04 1.347447397134881726e+02 1.531185440882138948e+02 -8.334740862922223048e-01
3.835011751168168848e+04 1.287168094398293192e+02 1.444938895155839020e+02 -8.719718471045188046e-01
3.840007849645988608e+04 1.235183874472936481e+02 1.369851361310325046e+02 -9.166165344742703835e-01
3.845003948123747978e+04 1.190749740623786437e+02 1.305705954366578112e+02 -9.678266184033722519e-01
3.850007396934374992e+04 1.153577576871702206e+02 1.252926779895486362e+02 -1.025895928673896451e+00
3.855003495412134362e+04 1.123934856113249481e+02 1.212720128319003123e+02 -1.090471944504689761e+00
3.860006944222761376e+04 1.102304198144844065e+02 1.186527941422764201e+02 -1.160883764776442062e+00
3.865009833387978870e+04 1.089746086321467828e+02 1.176353555257137913e+02 -1.235175581063090444e+00
3.870005931865798630e+04 1.087722089830156165e+02 1.184202849108036446e+02 -1.310177402390943602e+00
3.875009380676357250e+04 1.098117568312180907e+02 1.211781043708904377e+02 -1.381839172239603508e+00
3.880005479154185014e+04 1.123019555715322468e+02 1.259697434413145771e+02 -1.444920056045394086e+00
3.885008927964743634e+04 1.164361825784334030e+02 1.327007880795504491e+02 -1.494558069725701266e+00
3.890005026442571398e+04 1.222637875950078552e+02 1.409810305196085096e+02 -1.526505406936456311e+00
3.895001124920391158e+04 1.295749819135438372e+02 1.501186361603317039e+02 -1.538579043935439428e+00
3.900011354456037225e+04 1.377418289829670073e+02 1.591040598017435173e+02 -1.530986588095345713e+00
3.905007452933864988e+04 1.455866998753851078e+02 1.666514785818598341e+02 -1.506899934548558750e+00
3.910010901744423609e+04 1.517683270025512456e+02 1.716653718964335269e+02 -1.472007703548751323e+00
3.915007000222251372e+04 1.551515654990659527e+02 1.734777165810900215e+02 -1.433761183306557774e+00
3.920003098700079136e+04 1.553378314188947229e+02 1.721309525516311396e+02 -1.399529202443144937e+00
3.925006547510629753e+04 1.526888913912098360e+02 1.682525160653003411e+02 -1.375408693215626421e+00
3.930002645988457516e+04 1.480558435486351527e+02 1.628071884436797632e+02 -1.365657273286774887e+00
3.935012875524103583e+04 1.423521971176059537e+02 1.567657852913299052e+02 -1.372582904892502897e+00
3.940008974001931347e+04 1.363952542284502272e+02 1.510463093147374707e+02 -1.396963713471011337e+00
3.945005072479759110e+04 1.307418256027143855e+02 1.463778901397421066e+02 -1.438416906191149813e+00
3.950008521290317731e+04 1.257872981512971080e+02 1.434054586725117133e+02 -1.495505395612699795e+00
3.955004619768137491e+04 1.218554003566217290e+02 1.427378546433997144e+02 -1.565196793287658483e+00
3.960008068578696111e+04 1.192309960761203484e+02 1.449611199767453513e+02 1.498281325068908654e+00
3.965004167056523875e+04 1.182823039640835532e+02 1.506584086094972861e+02 1.417772250386984956e+00
3.970007056221741368e+04 1.195167248779565483e+02 1.604456969663318660e+02 1.341374549274854333e+00
3.975010505032368383e+04 1.237018835140922164e+02 1.749400676855140944e+02 1.276105449410262827e+00
3.980006603510127752e+04 1.319745200181746725e+02 1.947544685511396381e+02 1.228516670868831540e+00
3.985010052320746763e+04 1.460486692431888684e+02 2.205804156588019396e+02 1.204380051050730538e+00
3.990006150798506133e+04 1.681758992663523600e+02 2.527639401039028257e+02 1.209359704504884725e+00
3.995002249276333896e+04 2.009103350142719648e+02 2.909909862874915234e+02 1.248863262337725599e+00
4.000005698086892517e+04 2.455097306554191903e+02 3.330441406162980229e+02 1.327567409632427475e+00
4.005001796564720280e+04 2.979563419788163969e+02 3.730317900516952250e+02 1.445861937792126239e+00
4.010012026100366347e+04 3.458326837375396394e+02 4.018050998449512576e+02 -1.545655657862342380e+00
4.015008124578186107e+04 3.721516033718073118e+02 4.109176813651048406e+02 -1.384470427270798609e+00
4.020004223056013871e+04 3.703154213574415508e+02 3.997787605094287073e+02 -1.236245702700818683e+00
4.025007671866572491e+04 3.483879557217193224e+02 3.753294185707443944e+02 -1.118303409600808429e+00
4.030003770344400255e+04 3.192013546508326272e+02 3.461963270117424258e+02 -1.036980823035518862e+00
4.035007219154958875e+04 2.913787840429307607e+02 3.182038866500399763e+02 -9.902224273179121017e-01
4.040003317632778635e+04 2.688155101205608162e+02 2.944595874832104414e+02 -9.732797966324946426e-01
4.045006206798064522e+04 2.525217294104179189e+02 2.762482425442387921e+02 -9.803820290085949463e-01
4.050009655608623143e+04 2.425579826244498349e+02 2.642395486311655759e+02 -1.005228241622277308e+00
4.055005754086450906e+04 2.387076863522049166e+02 2.587936789555494670e+02 -1.040204533015150368e+00
4.060009202897009527e+04 2.407224347840131600e+02 2.600189224617138279e+02 -1.076355821479664687e+00
4.065005301374837290e+04 2.482377840876735320e+02 2.676244587869777547e+02 -1.103741827990690982e+00
4.070001399852657050e+04 2.604370713679772962e+02 2.806356189139057165e+02 -1.113551196566759272e+00
4.075004848663215671e+04 2.756134880538564857e+02 2.972046358838369429e+02 -1.099883750223697332e+00
4.080007737828501558e+04 2.908073393127458530e+02 3.145507571275203986e+02 -1.061281829204149041e+00
4.085011186639060179e+04 3.022592444883679264e+02 3.294969692697704886e+02 -1.001006241079516412e+00
4.090007285116887942e+04 3.066704216267138463e+02 3.393273851943913542e+02 -9.260409921723873339e-01
4.095010733927446563e+04 3.026950861373769612e+02 3.427206780540323621e+02 -8.444299016726408702e-01
4.100006832405266323e+04 2.913434532218288382e+02 3.399114281293906288e+02 -7.637396327271288587e-01
4.105002930883025692e+04 2.750669327422497190e+02 3.322489122044395913e+02 -6.888346687968255333e-01
4.110006379693652707e+04 2.564528451526849153e+02 3.213915356530568488e+02 -6.221039227289106854e-01
4.115009268858870200e+04 2.375225259833592588e+02 3.088266599918832185e+02 -5.642736285058367329e-01
4.120012717669497215e+04 2.194752369013688451e+02 2.956185649736032133e+02 -5.148452784186003939e-01
4.125008816147256584e+04 2.029119715451969910e+02 2.824607908579619675e+02 -4.729269495703675164e-01
4.130004914625076344e+04 1.879859079387377960e+02 2.697102518388738872e+02 -4.373951098796283743e-01
4.135008363435634965e+04 1.746507137847637523e+02 2.575333348669515203e+02 -4.072580924453278461e-01
4.140004461913462728e+04 1.628260708588091461e+02 2.460358734731030097e+02 -3.818204215936671919e-01
4.145007910724021349e+04 1.523309753195521807e+02 2.351936236640322022e+02 -3.604028885896264356e-01
4.150010799889307236e+04 1.430437692488263224e+02 2.250077702812002656e+02 -3.426057678322375066e-01
4.155006898367135000e+04 1.348500172014036593e+02 2.154649574225262540e+02 -3.281307060033090695e-01
4.160010347177685617e+04 1.276218695674923111e+02 2.065159843899844816e+02 -3.167122869726824996e-01
4.165006445655513380e+04 1.212908795383489036e+02 1.981700274232102856e+02 -3.082084539261459866e-01
4.170009894466072001e+04 1.157589314464686794e+02 1.903892030228560941e+02 -3.024388370594718323e-01
4.175005992943899764e+04 1.109706993169814666e+02 1.831844009361356314e+02 -2.992752313905275297e-01
4.180002091421727528e+04 1.068545399326084180e+02 1.765324544585466526e+02 -2.985797782723109695e-01
4.185012320957373595e+04 1.033507081747575569e+02 1.704093813337069321e+02 -3.002666679506544867e-01
4.190008419435193355e+04 1.004446809888297309e+02 1.648533814358418113e+02 -3.042696813852509008e-01
4.195011868245751975e+04 9.810631955320229736e+01 1.598635765029621041e+02 -3.105475825535841672e-01
4.200007966723579739e+04 9.633873691614275003e+01 1.555059765160997358e+02 -3.189376817653526430e-01
4.205004065201407502e+04 9.513255426550354343e+01 1.518497149315603849e+02 -3.290568299092188620e-01
4.210007514011966123e+04 9.445592939233500829e+01 1.489772813681635455e+02 -3.401006647739330258e-01
4.215003612489785883e+04 9.422481114517756851e+01 1.469585896429330205e+02 -3.506630198632189055e-01
4.220013842025431950e+04 9.427429298479103181e+01 1.457787605558370956e+02 -3.589190520080703384e-01
4.225009940503259713e+04 9.435930196031750938e+01 1.453311175337041163e+02 -3.627898035986751868e-01
4.230006038981019083e+04 9.418314641899567619e+01 1.453888689009675943e+02 -3.605806182515340907e-01
4.235009487791646097e+04 9.344708820409988448e+01 1.456570557612029120e+02 -3.512429742859762283e-01
4.240005586269405467e+04 9.190777106306427413e+01 1.458246721440463034e+02 -3.345673938710029827e-01
4.245009035080024478e+04 8.939680678299245642e+01 1.456175427661489721e+02 -3.108735704788947452e-01
4.250005133557783847e+04 8.584059603686685591e+01 1.448202626819603154e+02 -2.808943637789880765e-01
4.255001232035611611e+04 8.122034529276268700e+01 1.432688604890358306e+02 -2.453032918302552323e-01
4.260011461571257678e+04 7.555072501094056747e+01 1.408217830921880136e+02 -2.046118013369326860e-01
4.265007560049085441e+04 6.894111403890985912e+01 1.373696005641746467e+02 -1.596485522743000263e-01
4.270011008859644062e+04 6.150431990088670631e+01 1.327778014481968114e+02 -1.109484186948034995e-01
4.275007107337463822e+04 5.349379083817540703e+01 1.269498733278677634e+02 -5.973058222082984481e-02
4.280003205815291585e+04 4.525339176356554560e+01 1.198122162303536840e+02 -7.647360499009213039e-03
4.285006654625850206e+04 3.725347715153391448e+01 1.113736767439863939e+02 4.272054546562933236e-02
4.290002753103677969e+04 3.007936909598540254e+01 1.018216918505304847e+02 8.743808674436945316e-02
4.295012982639324036e+04 2.423767538616704442e+01 9.144617840222018401e+01 1.217206366133919970e-01
4.300009081117151800e+04 2.013234219655843305e+01 8.079057051099781006e+01 1.394831254017118161e-01
4.305005179594971560e+04 1.785670006152731659e+01 7.039698807901275757e+01 1.344901780639994049e-01
4.310008628405530180e+04 1.725974100534632072e+01 6.081743465041178354e+01 1.005977564744151564e-01
4.315004726883357944e+04 1.800872655981650894e+01 5.255641939167401233e+01 3.328340206864269929e-02
4.320008175693916564e+04 1.970263272997787851e+01 4.591959046966606905e+01 -6.904172922506195131e-02
4.325004274171744328e+04 2.196215501268402903e+01 4.107556189325457296e+01 -2.022116516971597111e-01
4.330007163337030215e+04 2.449961912059417557e+01 3.796722745285534728e+01 -3.568057597842392292e-01
4.335010612147580832e+04 2.711312154844503652e+01 3.639192219712897014e+01 -5.195230441774733032e-01
4.340006710625408596e+04 2.968486548737739383e+01 3.604836115492098259e+01 -6.784521848268335598e-01
4.345010159435967216e+04 3.217679824805546218e+01 3.664242667067602355e+01 -8.272407981161279400e-01
4.350006257913794980e+04 3.458712696863020852e+01 3.795952134686425694e+01 -9.633611430107905660e-01
4.355002356391554349e+04 3.696371275475445373e+01 3.989176848560165212e+01 -1.087603104436238199e+00
4.360005805202173360e+04 3.938590644181012124e+01 4.243193619308297571e+01 -1.201349568005443791e+00
4.365008694367390854e+04 4.195579570602612307e+01 4.564293469414970161e+01 -1.305130475132556755e+00
4.370012143178017868e+04 4.481244967825394099e+01 4.964800531179509591e+01 -1.398787580910285655e+00
4.375008241655777238e+04 4.812833415010179294e+01 5.460125170232665681e+01 -1.481139136077234131e+00
4.380004340133605001e+04 5.213458562912757088e+01 6.069653216846326416e+01 -1.550655696733943767e+00
4.385007788944163622e+04 5.712933260545845116e+01 6.815034424365470045e+01 1.536194036957348352e+00
4.390003887421983382e+04 6.346237085474970741e+01 7.714838899474304412e+01 1.498508492954626181e+00
4.395007336232542002e+04 7.159206193164622789e+01 8.790518453544440547e+01 1.479896155442700811e+00
4.400010225397827890e+04 8.199085354061740816e+01 1.005297987415555099e+02 1.482506322054221171e+00
4.405006323875655653e+04 9.505560799222554635e+01 1.149734025896295009e+02 1.508234983279890251e+00
4.410009772686214274e+04 1.109304949545779664e+02 1.309556791441912935e+02 1.558703032326964388e+00
4.415005871164042037e+04 1.289558634190040323e+02 1.476363306291262916e+02 -1.507311312351035104e+00
4.420009319974592654e+04 1.473952000818923409e+02 1.636700296615964589e+02 -1.407892484626372731e+00
4.425005418452420417e+04 1.631915147411257863e+02 1.771472648348357666e+02 -1.289411991772068999e+00
4.430001516930248181e+04 1.730762142985121557e+02 1.863003435524884139e+02 -1.159348709540787503e+00
4.435011746465894248e+04 1.750917949557732811e+02 1.901528680426904998e+02 -1.026612604489463010e+00
4.440007844943722012e+04 1.696206227971397027e+02 1.888992707761502459e+02 -9.003819719872024896e-01
4.445011293754280632e+04 1.588287385222740227e+02 1.836667102810150993e+02 -7.856638974786294138e-01
4.450007392232100392e+04 1.453143884510994326e+02 1.758604009024217305e+02 -6.850791012286381321e-01
4.455003490709928155e+04 1.310570493647416868e+02 1.666541348399041453e+02 -5.983128437937672572e-01
4.460006939520486776e+04 1.172231739635548422e+02 1.568348342743900332e+02 -5.238591108889553150e-01
4.465003037998314539e+04 1.044071018417219392e+02 1.468892709439168414e+02 -4.601511669247808078e-01
4.470013267533960607e+04 9.273049449639326269e+01 1.369877854362721337e+02 -4.053038671766652778e-01
4.475009366011788370e+04 8.225107191304822152e+01 1.272473614895552174e+02 -3.584587982557694286e-01
4.480005464489539736e+04 7.286816958142415501e+01 1.176201686699851052e+02 -3.189422134385587748e-01
4.485008913300166751e+04 6.451756757892650285e+01 1.080431735390461654e+02 -2.870712327573392564e-01
4.490005011777926120e+04 5.722404719953273400e+01 9.850925755268252715e+01 -2.644562437274959876e-01
4.495008460588553135e+04 5.103912248852566336e+01 8.901458434574152534e+01 -2.541252323713076855e-01
4.500004559066312504e+04 4.612723417421530314e+01 7.972718578336235851e+01 -2.612372721572909784e-01
4.505000657544132264e+04 4.267389446309741885e+01 7.095675682727011235e+01 -2.930734589875970686e-01
4.510010887079778331e+04 4.086516969487354345e+01 6.324790700040539093e+01 -3.580449157684286732e-01
4.515006985557606095e+04 4.080877629135802209e+01 5.742160520207925600e+01 -4.599823289752439370e-01
4.520010434368164715e+04 4.242045951486885969e+01 5.419566788971146565e+01 -5.909290362739482161e-01
4.525006532845992479e+04 4.539733544922371777e+01 5.383792998242569894e+01 -7.266100432626314554e-01
4.530002631323820242e+04 4.926750177463723901e+01 5.584744719158489090e+01 -8.408667633577011635e-01
4.535006080134370859e+04 5.350224446524449462e+01 5.926680207345028606e+01 -9.213271240161181597e-01
4.540002178612198622e+04 5.761851595770116319e+01 6.315518631955117712e+01 -9.699470529052069967e-01
4.545012408147844690e+04 6.130828932406750198e+01 6.689523556480945388e+01 -9.952979222577085228e-01
4.550008506625672453e+04 6.438950349449780219e+01 7.013997717690617151e+01 -1.005697597858810521e+00
4.555004605103500217e+04 6.684531712632551148e+01 7.279276174856498471e+01 -1.007687711138170350e+00
4.560008053914058837e+04 6.873666606017668812e+01 7.487604712081582647e+01 -1.005639761824303813e+00
4.565004152391878597e+04 7.016174871055218887e+01 7.646792531012279426e+01 -1.002348560197000582e+00
4.570007601202437218e+04 7.124503763263251699e+01 7.768424969152052029e+01 -9.994816234758893136e-01
4.575003699680264981e+04 7.210289826986495143e+01 7.863918982948580094e+01 -9.979514501136792504e-01
4.580006588845550868e+04 7.284855689551613978e+01 7.945049961265024763e+01 -9.981014544655761878e-01
4.585010037656109489e+04 7.357843650555119552e+01 8.022391186723882583e+01 -9.998391822350281011e-01
4.590006136133937252e+04 7.437229955702213147e+01 8.105277433720850411e+01 -1.002671354274462523e+00
4.595009584944487870e+04 7.529214264258344258e+01 8.201558750044316071e+01 -1.005753954955659335e+00
4.600005683422315633e+04 7.636568426267753296e+01 8.315735130779810902e+01 -1.007910370530377131e+00
4.605001781900075002e+04 7.758456228234460639e+01 8.448642745587335412e+01 -1.007771526118553362e+00
4.610005230710702017e+04 7.888965090391431545e+01 8.595855438088742062e+01 -1.003950214905313221e+00
4.615008119875919510e+04 8.016015852823089460e+01 8.746429141014898789e+01 -9.953503002273457190e-01
4.620011568686546525e+04 8.122844636310399835e+01 8.884284365019156837e+01 -9.814834801252695362e-01
4.625007667164297891e+04 8.190698873345928632e+01 8.990447869580978590e+01 -9.627357331043167044e-01
4.630003765642125654e+04 8.204056669360139153e+01 9.047884416454483869e+01 -9.403095797895131280e-01
4.635007214452684275e+04 8.154737859719084270e+01 9.045103927754486506e+01 -9.160442607953999117e-01
4.640003312930512038e+04 8.044892238211949120e+01 8.979110137454863150e+01 -8.921751429716522352e-01
4.645006761741070659e+04 7.885295460264526923e+01 8.855144594082798903e+01 -8.707031722737720303e-01
4.650009650906356546e+04 7.692777429872374739e+01 8.685015813112276817e+01 -8.533707287849129353e-01
4.655005749384176306e+04 7.485832919350909265e+01 8.484107314200042538e+01 -8.414025967127248817e-01
4.660009198194734927e+04 7.280652768925931184e+01 8.267846315241898481e+01 -8.354806124657226940e-01
4.665005296672562690e+04 7.091675837811271776e+01 8.052214445518252717e+01 -8.358618489377069860e-01
4.670008745483121311e+04 6.928885315959323066e+01 7.850535898050712547e+01 -8.423129199572629844e-01
4.675004843960949074e+04 6.799961568302765613e+01 7.675366407449570261e+01 -8.540614832968859149e-01
4.680008292771499691e+04 6.708268046294352871e+01 7.535369435685593942e+01 -8.698029582484942956e-01
4.685011181936785579e+04 6.653688034033577026e+01 7.435772243554174565e+01 -8.875921682567294857e-01
4.690007280414613342e+04 6.630768299136795463e+01 7.375335962442652260e+01 -9.050569485199755349e-01
4.695010729225171963e+04 6.627905580096202698e+01 7.344589592068655293e+01 -9.198941934472502080e-01
4.700006827702999726e+04 6.627541559420120620e+01 7.325854745868839757e+01 -9.303492389329673928e-01
4.705010276513558347e+04 6.608264560616778738e+01 7.294931743827618220e+01 -9.360633759525689435e-01
4.710006374991378107e+04 6.549966854322562426e+01 7.226700001286901909e+01 -9.384334611934489478e-01
4.715002473469205870e+04 6.440390552044510741e+01 7.102058386679641444e+01 -9.407887092732183376e-01
4.720012703004851937e+04 6.280367437067238257e+01 6.914499223609794853e+01 -9.481205461042159222e-01
4.725008801482679701e+04 6.087985178149700971e+01 6.677495360007701208e+01 -9.664674617026777215e-01
4.730012250293238321e+04 5.893788125991054017e+01 6.423660466648892964e+01 -1.002215795622122929e+00
4.735008348771066085e+04 5.739666898600745526e+01 6.208989478448773269e+01 -1.060149533815818002e+00
4.740004447248817451e+04 5.672430343691040378e+01 6.106957835005064084e+01 -1.140620807338412757e+00
4.745007896059444465e+04 5.740996585039739131e+01 6.197441242882209167e+01 -1.235557893683502328e+00
4.750003994537203835e+04 5.989485635832178190e+01 6.538624190603430009e+01 -1.327250592774028792e+00
4.755007443347830849e+04 6.448051693396240580e+01 7.139077392110387166e+01 -1.396035311986994820e+00
4.760010332513048343e+04 7.114799060465882974e+01 7.944447490259312872e+01 -1.428911630523354903e+00
4.765006430990876106e+04 7.939153306275188982e+01 8.852401121739582379e+01 -1.423732777572747299e+00
4.770009879801426723e+04 8.821279241636526081e+01 9.743799010299184715e+01 -1.386094401333907156e+00
4.775005978279254487e+04 9.623484579966202546e+01 1.050227793716865250e+02 -1.325254313542895135e+00
4.780009427089813107e+04 1.022148599960408433e+02 1.104811177201333834e+02 -1.250683284505440529e+00
4.785005525567640871e+04 1.053627078140089992e+02 1.134202098118513362e+02 -1.170966837987625686e+00
4.790001624045468634e+04 1.055528571292324074e+02 1.138763496613881614e+02 -1.092352406210901572e+00
4.795011853581114701e+04 1.031367473363534657e+02 1.121256396197758534e+02 -1.019019649309065079e+00
4.800007952058934461e+04 9.873618286616087403e+01 1.085629161249236176e+02 -9.543284754765074540e-01
4.805011400869493082e+04 9.298660372271915264e+01 1.035584766632251927e+02 -9.002636411015360052e-01
4.810007499347320845e+04 8.649698064689499688e+01 9.746907698140731213e+01 -8.594138693987034561e-01
4.815003597825148609e+04 7.978323345747978124e+01 9.061297161729012828e+01 -8.350927138386015081e-01
4.820007046635707229e+04 7.332645108187560368e+01 8.335439611461993081e+01 -8.324423789285412267e-01
4.825003145113526989e+04 6.764755258284679940e+01 7.624707700544858824e+01 -8.586327919895373473e-01
4.830013374649173056e+04 6.326504353342114939e+01 7.007758952138409825e+01 -9.215560170554887298e-01
4.835009473127000820e+04 6.075884848585282327e+01 6.601644660490214278e+01 -1.023125516675385205e+00
4.840005571604828583e+04 6.059251672844037273e+01 6.522519079732130365e+01 -1.150127199730532235e+00
4.845009020415387204e+04 6.301764091904266252e+01 6.826280038052013310e+01 -1.272085853685637646e+00
4.850005118893214967e+04 6.788253374621214675e+01 7.455007715512854816e+01 -1.359408461968773407e+00
4.855008567703765584e+04 7.461334069925172230e+01 8.274109177510038649e+01 -1.402551811430025275e+00
4.860004666181593348e+04 8.229084158184072351e+01 9.138070684868939964e+01 -1.408048652866456196e+00
4.865007555346810841e+04 8.998533283634631630e+01 9.943768718782922633e+01 -1.387912046560057622e+00
4.870011004157437856e+04 9.693348390681953219e+01 1.063164358962975058e+02 -1.352887302853269080e+00
4.875007102635197225e+04 1.026891602456644961e+02 1.118081265514501297e+02 -1.310793144075136363e+00
4.880010551445824240e+04 1.071281861147198811e+02 1.159729476747287578e+02 -1.266452256229957829e+00
4.885006649923575605e+04 1.103004488414742781e+02 1.189650121155602278e+02 -1.222877168545474014e+00