# prismas a (A) i_m (graus) x0 (m) z0 (m)
0.000000000000000000e+00 3.398478814448513958e+02 -7.546878747875790339e+01 1.492132896642710307e+02 2.779472435473521159e+02
0.000000000000000000e+00 3.400858463418137489e+02 -7.544448286392459124e+01 1.492132896642710307e+02 2.782118859999858387e+02
0.000000000000000000e+00 3.400518411576979929e+02 -7.238886866417391275e+01 1.492132896642710307e+02 2.781740685931265489e+02
0.000000000000000000e+00 3.400178393737606370e+02 -7.543837562656023010e+01 1.492132896642710307e+02 2.781362549676297817e+02
0.000000000000000000e+00 3.399838409896616440e+02 -7.325630822468241377e+01 1.492132896642710307e+02 2.780984451231174717e+02
0.000000000000000000e+00 3.401538669119406109e+02 -7.547462144707176890e+01 1.492132896642710307e+02 2.782875321593047033e+02
0.000000000000000000e+00 3.399498460050611470e+02 -7.234162707608344078e+01 1.492132896642710307e+02 2.780606390592115531e+02
0.000000000000000000e+00 3.399158544196191656e+02 -7.385521637390594663e+01 1.492132896642710307e+02 2.780228367755340173e+02
0.000000000000000000e+00 3.398818662329958897e+02 -7.244448275677623883e+01 1.492132896642710307e+02 2.779850382717068555e+02
0.000000000000000000e+00 3.401198549264479425e+02 -7.548958236571580471e+01 1.492132896642710307e+02 2.782497071885858304e+02
1.000000000000000000e+00 1.188026029979557592e+02 -9.000000000000000000e+01 8.135376158972809435e+02 4.024959940293737191e+02
1.000000000000000000e+00 1.188620161809031259e+02 -9.000000000000000000e+01 8.139444660671269958e+02 4.024959940293737191e+02
1.000000000000000000e+00 1.188263647065813728e+02 -9.000000000000000000e+01 8.137003315558365557e+02 4.024959940293737191e+02
1.000000000000000000e+00 1.187550938346412437e+02 -9.000000000000000000e+01 8.132122821884156565e+02 4.024525139336492998e+02
1.000000000000000000e+00 1.188382473430520321e+02 -9.000000000000000000e+01 8.137817015889921777e+02 4.024959940293737191e+02
1.000000000000000000e+00 1.188144832582555495e+02 -9.000000000000000000e+01 8.136189696588706965e+02 4.024959940293737191e+02
1.000000000000000000e+00 1.188501311677863441e+02 -9.000000000000000000e+01 8.138630797591511055e+02 4.024959940293737191e+02
1.000000000000000000e+00 1.187669693440247016e+02 -9.000000000000000000e+01 8.132936034166344825e+02 4.024959940293737191e+02
1.000000000000000000e+00 1.187788460409591096e+02 -9.000000000000000000e+01 8.133749327769761521e+02 4.024959940293737191e+02
1.000000000000000000e+00 1.187907239255631993e+02 -9.000000000000000000e+01 8.134562702702538672e+02 4.024959940293737191e+02
2.000000000000000000e+00 3.401198549264479425e+02 -9.000000000000000000e+01 1.356162026610569228e+03 3.638136680160807828e+02
2.000000000000000000e+00 3.401538669119406109e+02 -9.000000000000000000e+01 1.356162026610569228e+03 3.638600493828823801e+02
2.000000000000000000e+00 3.399838409896616440e+02 -9.000000000000000000e+01 1.356162026610569228e+03 3.636281889209665223e+02
2.000000000000000000e+00 3.400518411576979929e+02 -9.000000000000000000e+01 1.356162026610569228e+03 3.637209191950325931e+02
2.000000000000000000e+00 3.399498460050611470e+02 -9.000000000000000000e+01 1.356162026610569228e+03 3.635818307378927443e+02
2.000000000000000000e+00 3.400178393737606370e+02 -9.000000000000000000e+01 1.356162026610569228e+03 3.636745517398586003e+02
2.000000000000000000e+00 3.399158544196191656e+02 -9.000000000000000000e+01 1.356162026610569228e+03 3.635354771901737081e+02
2.000000000000000000e+00 3.398818662329958897e+02 -9.000000000000000000e+01 1.356162026610569228e+03 3.634891282773459693e+02
2.000000000000000000e+00 3.398478814448513958e+02 -9.000000000000000000e+01 1.356162026610569228e+03 3.634427839989460836e+02
2.000000000000000000e+00 3.400858463418137489e+02 -9.000000000000000000e+01 1.356162026610569228e+03 3.637672912869521156e+02
3.000000000000000000e+00 1.214387331112778980e+02 -5.384850792423036125e+01 2.229124692162911288e+03 4.199575278059828634e+02
3.000000000000000000e+00 1.214387331112778980e+02 -5.407236130487964942e+01 2.228678934089304221e+03 4.198535518970679732e+02
3.000000000000000000e+00 1.214387331112778980e+02 -5.168093174686640623e+01 2.227787685338996198e+03 4.196456624512691178e+02
3.000000000000000000e+00 1.214387331112778980e+02 -4.920394242112035954e+01 2.228901801982713096e+03 4.199055372522576590e+02
3.000000000000000000e+00 1.214387331112778980e+02 -5.423355721781960881e+01 2.228010464107529970e+03 4.196976270175142645e+02
3.000000000000000000e+00 1.214387331112778980e+02 -4.929108645536243216e+01 2.229793496446530298e+03 4.201135306635704865e+02
3.000000000000000000e+00 1.214387331112778980e+02 -4.932552202593202395e+01 2.229570539392590945e+03 4.200615245111193872e+02
3.000000000000000000e+00 1.214387331112778980e+02 -5.581990965544963501e+01 2.228233265153940920e+03 4.197495967802160521e+02
3.000000000000000000e+00 1.214387331112778980e+02 -5.405861708638823870e+01 2.228456088480456401e+03 4.198015717398940296e+02
3.000000000000000000e+00 1.214387331112778980e+02 -4.903680595509220552e+01 2.229347604632127513e+03 4.200095235587634761e+02
4.000000000000000000e+00 2.892552575782453346e+02 -7.552273298084374176e+01 3.291111070935936823e+03 1.410543396389178668e+02
4.000000000000000000e+00 2.893999141354528888e+02 -7.542877346526779547e+01 3.291111070935936823e+03 1.410543396389178668e+02
4.000000000000000000e+00 2.892841831040031479e+02 -7.466781617224876300e+01 3.291111070935936823e+03 1.410543396389178668e+02
4.000000000000000000e+00 2.891684983533951936e+02 -7.524938121512900580e+01 3.291111070935936823e+03 1.410543396389178668e+02
4.000000000000000000e+00 2.893709770377491282e+02 -7.544847231835487378e+01 3.291111070935936823e+03 1.410543396389178668e+02
4.000000000000000000e+00 2.892263349447508745e+02 -7.608570998292340448e+01 3.291111070935936823e+03 1.410543396389178668e+02
4.000000000000000000e+00 2.893131115223135339e+02 -7.543224549045856975e+01 3.291111070935936823e+03 1.410543396389178668e+02
4.000000000000000000e+00 2.893420428334657686e+02 -7.554431548830351062e+01 3.291111070935936823e+03 1.410543396389178668e+02
4.000000000000000000e+00 2.891974152032305483e+02 -7.558422470168758878e+01 3.291111070935936823e+03 1.410543396389178668e+02
4.000000000000000000e+00 2.894288541268664403e+02 -7.543551134450451912e+01 3.291111070935936823e+03 1.410543396389178668e+02
5.000000000000000000e+00 4.094723415018483337e+01 9.000000000000000000e+01 4.643967023601634537e+03 4.643393220075151930e+02
5.000000000000000000e+00 4.093904593160804950e+01 -9.000000000000000000e+01 4.643502673334301107e+03 4.642828937181433275e+02
5.000000000000000000e+00 4.097180863357906588e+01 -9.000000000000000000e+01 4.644597390742584139e+03 4.642828937181433275e+02
5.000000000000000000e+00 4.094723415018483337e+01 -9.000000000000000000e+01 4.643502673334301107e+03 4.642828937181433275e+02
5.000000000000000000e+00 4.093495243636441216e+01 -9.000000000000000000e+01 4.643502673334301107e+03 4.642828937181433275e+02
5.000000000000000000e+00 4.094313983620121178e+01 -9.000000000000000000e+01 4.643502673334301107e+03 4.642828937181433275e+02
5.000000000000000000e+00 4.095542400648720616e+01 -9.000000000000000000e+01 4.643560163819284753e+03 4.642828937181433275e+02
5.000000000000000000e+00 4.095951954888785451e+01 -9.000000000000000000e+01 4.643934744451196821e+03 4.642828937181433275e+02
5.000000000000000000e+00 4.096361550084274228e+01 -9.000000000000000000e+01 4.643949798106038543e+03 4.642828937181433275e+02
5.000000000000000000e+00 4.096771186239282514e+01 -9.000000000000000000e+01 4.644150835829607786e+03 4.642828937181433275e+02
6.000000000000000000e+00 3.306074818955796673e+02 -3.868802818027127444e+01 5.933828911986020103e+03 3.679616358240131149e+02
6.000000000000000000e+00 3.306074818955796673e+02 -3.035354794907735965e+01 5.936202799604284337e+03 3.681488485579127996e+02
6.000000000000000000e+00 3.306074818955796673e+02 -3.867827738759314116e+01 5.935015737106706183e+03 3.680552328307942958e+02
6.000000000000000000e+00 3.306074818955796673e+02 -3.850072540572826085e+01 5.934422294877218519e+03 3.680084319875955430e+02
6.000000000000000000e+00 3.306074818955796673e+02 -3.039320151991675445e+01 5.937983838536185431e+03 3.682893072574137818e+02
6.000000000000000000e+00 3.306074818955796673e+02 -3.877065425798630827e+01 5.936796419884244642e+03 3.681956634427685913e+02
6.000000000000000000e+00 3.306074818955796673e+02 -3.041314603032244790e+01 5.938577636920039367e+03 3.683361361881395055e+02
6.000000000000000000e+00 3.306074818955796673e+02 -3.069045253942071838e+01 5.933235588427177390e+03 3.679148443395791332e+02
6.000000000000000000e+00 3.306074818955796673e+02 -3.019117811995469580e+01 5.937390099526232916e+03 3.682424830091128456e+02
6.000000000000000000e+00 3.306074818955796673e+02 -5.127349932447081926e+01 5.935609238680416638e+03 3.681020383540773651e+02
7.000000000000000000e+00 1.400119855282978563e+02 9.000000000000000000e+01 6.979233059182017314e+03 3.749573781012188078e+01
7.000000000000000000e+00 1.400399893255233508e+02 9.000000000000000000e+01 6.979532084953387312e+03 3.752323833264128439e+01
7.000000000000000000e+00 1.399420005324321039e+02 9.000000000000000000e+01 6.975767257239214814e+03 3.744075326182220920e+01
7.000000000000000000e+00 1.399140163300259303e+02 9.000000000000000000e+01 6.974372313032885359e+03 3.739952928091463491e+01
7.000000000000000000e+00 1.399559947324853511e+02 9.000000000000000000e+01 6.976464833964938407e+03 3.745449733714838203e+01
7.000000000000000000e+00 1.400259867268506753e+02 9.000000000000000000e+01 6.979258243253562796e+03 3.750948738390289350e+01
7.000000000000000000e+00 1.399280077316589370e+02 9.000000000000000000e+01 6.975069750264188770e+03 3.742701056076612076e+01
7.000000000000000000e+00 1.399699903319585985e+02 8.977020618512851513e+01 6.977162480448334463e+03 3.746824278688208665e+01
7.000000000000000000e+00 1.399979857297248884e+02 8.976528978099213418e+01 6.978557982716049082e+03 3.749573781012188078e+01
7.000000000000000000e+00 1.399839873309917948e+02 9.000000000000000000e+01 6.977860196696379717e+03 3.746824278688208665e+01
8.000000000000000000e+00 3.386496444652731839e+02 -4.653371120940282424e+01 7.796101773598121326e+03 1.849476187924938131e+02
8.000000000000000000e+00 3.386496444652731839e+02 -4.373066972864307189e+01 7.796101773598121326e+03 1.849476187924938131e+02
8.000000000000000000e+00 3.386103954813091832e+02 -4.377490926688050621e+01 7.796101773598121326e+03 1.849476187924938131e+02
8.000000000000000000e+00 3.386442565208573114e+02 -4.751108879671190266e+01 7.796101773598121326e+03 1.849476187924938131e+02
8.000000000000000000e+00 3.386496444652731839e+02 -4.758913415366097155e+01 7.796101773598121326e+03 1.849476187924938131e+02
8.000000000000000000e+00 3.386496444652731839e+02 -4.752978546638959045e+01 7.796101773598121326e+03 1.849476187924938131e+02
8.000000000000000000e+00 3.386496444652731839e+02 -4.371018617809784246e+01 7.796101773598121326e+03 1.849476187924938131e+02
8.000000000000000000e+00 3.386496444652731839e+02 -4.369883429356077187e+01 7.796101773598121326e+03 1.849476187924938131e+02
8.000000000000000000e+00 3.386496444652731839e+02 -4.774711112423219106e+01 7.796101773598121326e+03 1.849476187924938131e+02
8.000000000000000000e+00 3.386496444652731839e+02 -4.376947159273680654e+01 7.796101773598121326e+03 1.849476187924938131e+02
9.000000000000000000e+00 2.287072613508753420e+02 8.183630805067662095e+01 8.551176340176654776e+03 2.348617778509278082e+02
9.000000000000000000e+00 2.288902912107984662e+02 7.820017505792058898e+01 8.551176340176654776e+03 2.348617778509278082e+02
9.000000000000000000e+00 2.286843929115841831e+02 7.938848096955656786e+01 8.551176340176654776e+03 2.348617778509278082e+02
9.000000000000000000e+00 2.287530050902181529e+02 8.110215380010751574e+01 8.551176340176654776e+03 2.348952640287129157e+02
9.000000000000000000e+00 2.287987579787662469e+02 7.823869098902321184e+01 8.551176340176654776e+03 2.348617778509278082e+02
9.000000000000000000e+00 2.286843929115841831e+02 7.938573268960169571e+01 8.550363488916611459e+03 2.348617778509278082e+02
9.000000000000000000e+00 2.287301320770104383e+02 7.885420413050177046e+01 8.551176340176654776e+03 2.348617778509278082e+02
9.000000000000000000e+00 2.287987579787662469e+02 7.880003523903287999e+01 8.551176340176654776e+03 2.348617778509278082e+02
9.000000000000000000e+00 2.288674044703514312e+02 7.809512502067391893e+01 8.551176340176654776e+03 2.348617778509278082e+02
9.000000000000000000e+00 2.288445200183495842e+02 7.854229476176308822e+01 8.551176340176654776e+03 2.348617778509278082e+02
1.000000000000000000e+01 3.050338769432366348e+02 -1.335535283045791388e+01 9.167112196377478540e+03 1.821702576846677175e+02
1.000000000000000000e+01 3.050338769432366348e+02 -1.323939287188854408e+01 9.168028907597115904e+03 1.821984747104361873e+02
1.000000000000000000e+01 3.050338769432366348e+02 -1.870979286210823034e+01 9.165279048914904706e+03 1.820856235347564507e+02
1.000000000000000000e+01 3.050338769432366348e+02 -1.337236232425598814e+01 9.168945710487874749e+03 1.822266945579072512e+02
1.000000000000000000e+01 3.050338769432366348e+02 -1.875594636793612580e+01 9.167112196377478540e+03 1.821420434803196713e+02
1.000000000000000000e+01 3.050338769432366348e+02 -1.307142140356368287e+01 9.165279048914904706e+03 1.821138320971099347e+02
1.000000000000000000e+01 3.050338769432366348e+02 -1.592003664672682461e+01 9.163446268026837060e+03 1.820292148714900122e+02
1.000000000000000000e+01 3.050338769432366348e+02 -1.858183157542358188e+01 9.164362612653640099e+03 1.820574177929771622e+02
1.000000000000000000e+01 3.050338769432366348e+02 -1.334107996930295847e+01 9.160697783861583957e+03 1.819728174882641838e+02
1.000000000000000000e+01 3.050338769432366348e+02 -1.848818951823045964e+01 9.162530015025335160e+03 1.820010147700130005e+02
1.100000000000000000e+01 4.563600232325763528e+01 3.680025535557089711e+01 9.896146634641263518e+03 3.924303993849874814e+02
1.100000000000000000e+01 4.565425946252962319e+01 3.975816483686053715e+01 9.900105687103505261e+03 3.924303993849874814e+02
1.100000000000000000e+01 4.564512998008230937e+01 3.729195975486346271e+01 9.898125962929658272e+03 3.924303993849874814e+02
1.100000000000000000e+01 4.563143917933970073e+01 -3.789127981984425020e+01 9.894523618683469977e+03 3.923811612688605805e+02
1.100000000000000000e+01 4.564969449308031813e+01 4.001640339172895722e+01 9.899115775525951904e+03 3.924303993849874814e+02
1.100000000000000000e+01 4.563600232325763528e+01 -6.137250734759209081e+01 9.896146634641263518e+03 3.923811612688605805e+02
1.100000000000000000e+01 4.561319116589940847e+01 2.261947804746388258e+01 9.891759447559654291e+03 3.923820482882701981e+02
1.100000000000000000e+01 4.562687649169053117e+01 -7.642864151970258035e+01 9.894167702159154942e+03 3.924012040698447663e+02
1.100000000000000000e+01 4.564512998008230937e+01 -3.676354663419125757e+01 9.897591050291983265e+03 3.923811612688605805e+02
1.100000000000000000e+01 4.562231426026450265e+01 -3.964285570941445513e+01 9.893104681551925751e+03 3.923811612688605805e+02
1.200000000000000000e+01 1.737034781416446094e+02 2.221914314858344497e+01 1.142223764448161637e+04 4.364033161129922291e+02
1.200000000000000000e+01 1.736861095306915388e+02 3.602265083526837941e+01 1.142109553492812302e+04 4.364033161129922291e+02
1.200000000000000000e+01 1.737903472528003874e+02 2.187929400545844416e+01 1.142794990564184991e+04 4.364033161129922291e+02
1.200000000000000000e+01 1.737382205743077179e+02 2.184362218259185795e+01 1.142452220623288849e+04 4.364033161129922291e+02
1.200000000000000000e+01 1.738077262875256679e+02 3.757576710233224304e+01 1.142909270063241456e+04 4.364033161129922291e+02
1.200000000000000000e+01 1.738424895708604367e+02 3.739990865407352771e+01 1.143137863346346785e+04 4.364033161129922291e+02
1.200000000000000000e+01 1.737555943963651544e+02 2.627852376599145856e+01 1.142566465845351195e+04 4.364033161129922291e+02
1.200000000000000000e+01 1.737729699558047969e+02 3.780762228351158427e+01 1.142680722491935740e+04 4.364033161129922291e+02
1.200000000000000000e+01 1.738251070601544086e+02 3.756923247596845528e+01 1.143023560990247825e+04 4.364033161129922291e+02
1.200000000000000000e+01 1.737208484894587741e+02 2.348576491037330172e+01 1.142337986824606378e+04 4.364033161129922291e+02
1.300000000000000000e+01 3.308485344658650433e+02 -3.642408436742571354e+01 1.224050391989786658e+04 4.544505106111915893e+02
1.300000000000000000e+01 3.308816193193116533e+02 -3.216019299250985597e+01 1.224050391989786658e+04 4.545059556622527452e+02
1.300000000000000000e+01 3.306831598143348288e+02 -3.704709047727829585e+01 1.224050391989786658e+04 4.541733685040607043e+02
1.300000000000000000e+01 3.306500948048543478e+02 -3.186664757915048440e+01 1.224050391989786658e+04 4.541179567083898974e+02
1.300000000000000000e+01 3.309147074812435676e+02 -3.220685509628571452e+01 1.224050391989786658e+04 4.545614062578189305e+02
1.300000000000000000e+01 3.307492997531293213e+02 -3.673290930381030250e+01 1.224050391989786658e+04 4.542842087194951546e+02
1.300000000000000000e+01 3.309477989519916719e+02 -3.211843257594566836e+01 1.224050391989786658e+04 4.546168623984447095e+02
1.300000000000000000e+01 3.307823746831046492e+02 -3.851644057936197640e+01 1.224050391989786658e+04 4.543396371403671310e+02
1.300000000000000000e+01 3.307162281303162672e+02 -3.760331582739039646e+01 1.224050391989786658e+04 4.542287858409110868e+02
1.300000000000000000e+01 3.308154529205729659e+02 -3.230914474030741701e+01 1.224050391989786658e+04 4.543950711040811257e+02
1.400000000000000000e+01 3.399838409896616440e+02 -7.217328663189876181e+01 1.312751173206681415e+04 2.190581044997176150e+02
1.400000000000000000e+01 3.398478814448513958e+02 -6.702579994544763053e+01 1.312226203986265500e+04 2.190581044997176150e+02
1.400000000000000000e+01 3.399158544196191656e+02 -7.161373509179904318e+01 1.312488662349324841e+04 2.190581044997176150e+02
1.400000000000000000e+01 3.400858463418137489e+02 -6.828286880673232417e+01 1.313145037942491581e+04 2.190944303507438917e+02
1.400000000000000000e+01 3.399498460050611470e+02 -7.081164739755038795e+01 1.312619911215559841e+04 2.190581044997176150e+02
1.400000000000000000e+01 3.400518411576979929e+02 -7.105026292606248717e+01 1.313013736568834611e+04 2.190625240983340518e+02
1.400000000000000000e+01 3.398818662329958897e+02 -7.078996490070171888e+01 1.312357426606664194e+04 2.190581044997176150e+02
1.400000000000000000e+01 3.401538669119406109e+02 -6.851691278980462130e+01 1.313407680081530452e+04 2.191582524277583843e+02
1.400000000000000000e+01 3.401198549264479425e+02 -6.839821804197197253e+01 1.313276352446285819e+04 2.191263397937789819e+02
1.400000000000000000e+01 3.400178393737606370e+02 -6.798117412282852001e+01 1.312882448324002144e+04 2.190581044997176150e+02
1.500000000000000000e+01 2.746860232128883013e+02 -9.000000000000000000e+01 1.414814557990118738e+04 1.877765937094179662e+02
1.500000000000000000e+01 2.747134918152095793e+02 -9.000000000000000000e+01 1.414956039445917668e+04 1.877765937094179662e+02
1.500000000000000000e+01 2.747684372607075147e+02 -9.000000000000000000e+01 1.415239044803367142e+04 1.877765937094179662e+02
1.500000000000000000e+01 2.746036338843393310e+02 -9.000000000000000000e+01 1.414390198497449092e+04 1.878053713687888830e+02
1.500000000000000000e+01 2.747409631643910757e+02 -9.000000000000000000e+01 1.415097535049862199e+04 1.878053713687888830e+02
1.500000000000000000e+01 2.746310942477277877e+02 -9.000000000000000000e+01 1.414531637517298805e+04 1.877765937094179662e+02
1.500000000000000000e+01 2.747959141044335638e+02 -9.000000000000000000e+01 1.415380568707847488e+04 1.878053713687888830e+02
1.500000000000000000e+01 2.748508760352136164e+02 -9.000000000000000000e+01 1.415663658975394719e+04 1.878053713687888830e+02
1.500000000000000000e+01 2.748233936958440040e+02 -9.000000000000000000e+01 1.415522106764718228e+04 1.878053713687888830e+02
1.500000000000000000e+01 2.746585573571525742e+02 -9.000000000000000000e+01 1.414673090681050599e+04 1.877765937094179662e+02
1.600000000000000000e+01 3.356043878598858896e+02 -3.906086144546412697e+01 1.496661709791727662e+04 1.483274102602618143e+02
1.600000000000000000e+01 3.354701796584698172e+02 -3.896339634559247145e+01 1.496463176014814053e+04 1.483274102602618143e+02
1.600000000000000000e+01 3.355708307768082364e+02 -3.908847936446337457e+01 1.496654831387959166e+04 1.483274102602618143e+02
1.600000000000000000e+01 3.353024948774284439e+02 -5.438503584436342919e+01 1.495864740360801807e+04 1.483274102602618143e+02
1.600000000000000000e+01 3.354030956853018210e+02 -5.743891258571647285e+01 1.496313544660348089e+04 1.483522430012878317e+02
1.600000000000000000e+01 3.354701796584698172e+02 -5.607884397729786485e+01 1.496612822332415453e+04 1.483274102602618143e+02
1.600000000000000000e+01 3.353360251269161836e+02 -5.608880952861037628e+01 1.496014326834837811e+04 1.483274102602618143e+02
1.600000000000000000e+01 3.353695587294288885e+02 -5.501085444878457764e+01 1.496163928267521260e+04 1.483274102602618143e+02
1.600000000000000000e+01 3.355372770491033521e+02 -3.907154773506663759e+01 1.496629079896535040e+04 1.483274102602618143e+02
1.600000000000000000e+01 3.353024948774284439e+02 -3.805091067011046846e+01 1.495715168843917490e+04 1.483274102602618143e+02
1.700000000000000000e+01 2.161920332667029356e+02 -2.057344389150695108e+01 1.538782144004277143e+04 3.973704420278381235e+02
1.700000000000000000e+01 2.161920332667029356e+02 9.000000000000000000e+01 1.538782144004277143e+04 3.974201790720409235e+02
1.700000000000000000e+01 2.161358525019539911e+02 -2.421591038207607127e+01 1.538782144004277143e+04 3.972212607324833584e+02
1.700000000000000000e+01 2.161920332667029356e+02 9.000000000000000000e+01 1.538782144004277143e+04 3.976191769908702440e+02
1.700000000000000000e+01 2.161574660872041989e+02 -2.055722704563325820e+01 1.538782144004277143e+04 3.972709828585565788e+02
1.700000000000000000e+01 2.161920332667029356e+02 -1.745016887825763874e+01 1.538782144004277143e+04 3.974699210899481159e+02
1.700000000000000000e+01 2.161142410778462022e+02 9.000000000000000000e+01 1.538782144004277143e+04 3.971715435781255223e+02
1.700000000000000000e+01 2.161920332667029356e+02 9.000000000000000000e+01 1.538782144004277143e+04 3.975196680820571373e+02
1.700000000000000000e+01 2.161920332667029356e+02 9.000000000000000000e+01 1.538782144004277143e+04 3.975694200488653678e+02
1.700000000000000000e+01 2.161790818338129156e+02 -2.153330561823381473e+01 1.538782144004277143e+04 3.973207099568424496e+02
1.800000000000000000e+01 3.393368974011200407e+02 -4.638427633106973502e+01 1.637375098902895843e+04 2.273075940969613953e+02
1.800000000000000000e+01 3.393368974011200407e+02 -8.170942519229178913e+01 1.638521605378212189e+04 2.276022887898804470e+02
1.800000000000000000e+01 3.393368974011200407e+02 -8.062087129674088715e+01 1.637375098902895843e+04 2.273075940969613953e+02
1.800000000000000000e+01 3.393368974011200407e+02 -4.827634352143493857e+01 1.637698854400383061e+04 2.273403248563710690e+02
1.800000000000000000e+01 3.393368974011200407e+02 -4.843199597964807879e+01 1.637866360555456959e+04 2.274057961947455624e+02
1.800000000000000000e+01 3.393368974011200407e+02 -8.173994530028926420e+01 1.638521605378212189e+04 2.275695318366967967e+02
1.800000000000000000e+01 3.393368974011200407e+02 -8.180578041519531496e+01 1.638521605378212189e+04 2.275367781588809066e+02
1.800000000000000000e+01 3.393368974011200407e+02 -8.139585049136705663e+01 1.638193950206231602e+04 2.274712806280425070e+02
1.800000000000000000e+01 3.393368974011200407e+02 -4.717797300083174150e+01 1.637702590296427297e+04 2.273730588888566899e+02
1.800000000000000000e+01 3.393368974011200407e+02 -4.871037976932001357e+01 1.638193950206231602e+04 2.274712806280425070e+02
1.900000000000000000e+01 2.492985284723184520e+02 -1.286914546625582823e+01 1.749053987123853221e+04 1.872941667930374479e+02
1.900000000000000000e+01 2.492985284723184520e+02 -3.199337255104587641e+01 1.749403815411818141e+04 1.874378426087237699e+02
1.900000000000000000e+01 2.492985284723184520e+02 -3.192218880733780395e+01 1.749403815411818141e+04 1.873516284993377212e+02
1.900000000000000000e+01 2.493234583251656886e+02 -1.229037742765197194e+01 1.748529375853467354e+04 1.872079957777770005e+02
1.900000000000000000e+01 2.492985284723184520e+02 -3.188219687311588757e+01 1.749403815411818141e+04 1.874665863929846523e+02
1.900000000000000000e+01 2.493234583251656886e+02 -1.320940880656526417e+01 1.749228892522565729e+04 1.873516284993377212e+02
1.900000000000000000e+01 2.492985284723184520e+02 -3.086684862403130580e+01 1.748529375853467354e+04 1.872079957777770005e+02
1.900000000000000000e+01 2.492985284723184520e+02 -3.212587113200067535e+01 1.749403815411818141e+04 1.874091016985539113e+02
1.900000000000000000e+01 2.493234583251656886e+02 -1.269487851813220125e+01 1.748879099213931840e+04 1.872654402490125563e+02
1.900000000000000000e+01 2.492985284723184520e+02 -1.209494134601892057e+01 1.748704228791052810e+04 1.872367165773547981e+02
2.000000000000000000e+01 2.709456226816345179e+02 -6.525453904228124991e+00 1.930561303108790889e+04 4.089448546376538047e+02
2.000000000000000000e+01 2.709456226816345179e+02 -2.636109378470772757e+00 1.930754359239101905e+04 4.089957491231175482e+02
2.000000000000000000e+01 2.709456226816345179e+02 -6.988301860966398493e+00 1.931140529418493315e+04 4.090975533628996459e+02
2.000000000000000000e+01 2.709456226816345179e+02 -5.819049293192926520e+00 1.930175248757286681e+04 4.088430809330363900e+02
2.000000000000000000e+01 2.709185308285516385e+02 1.488110998937244966e+00 1.929982250532233593e+04 4.087922017128651078e+02
2.000000000000000000e+01 2.709185308285516385e+02 -1.357226574723566115e+00 1.931333643471435062e+04 4.091484631182359522e+02
2.000000000000000000e+01 2.709185308285516385e+02 -1.124001290425036048e+00 1.931526776835782221e+04 4.091993779645477503e+02
2.000000000000000000e+01 2.709185308285516385e+02 -3.653867566242046117e-01 1.930947434675025943e+04 4.090466486980298555e+02
2.000000000000000000e+01 2.709456226816345179e+02 -1.030215353410299572e+00 1.930368266282162585e+04 4.088939652411297061e+02
2.000000000000000000e+01 2.709185308285516385e+02 -1.135670140488351132e+00 1.931719929513465831e+04 4.091993779645477503e+02
2.100000000000000000e+01 3.280588988553273566e+02 -7.318151127813837320e+01 2.022024370980135427e+04 2.544409080439103832e+02
2.100000000000000000e+01 3.280260962457027745e+02 -7.736192010819335962e+01 2.021822188761259167e+04 2.544409080439103832e+02
2.100000000000000000e+01 3.282557834100371110e+02 -8.482732115918247473e+01 2.022442224764181810e+04 2.544763521347147730e+02
2.100000000000000000e+01 3.280917047452128941e+02 -7.748583440124471622e+01 2.022226573417233521e+04 2.544409080439103832e+02
2.100000000000000000e+01 3.282229611139256917e+02 -8.470228602218004710e+01 2.022413448008503474e+04 2.544763521347147730e+02
2.100000000000000000e+01 3.281245139156874302e+02 -8.478548217178901325e+01 2.022384977053699913e+04 2.544763521347147730e+02
2.100000000000000000e+01 3.279605008659245868e+02 -8.465056497712056682e+01 2.021576867995997236e+04 2.544447674500137282e+02
2.100000000000000000e+01 3.281573263670790084e+02 -7.354499296607413328e+01 2.022393759591337584e+04 2.544409080439103832e+02
2.100000000000000000e+01 3.279932969160111611e+02 -7.322605255739401287e+01 2.021620026758583481e+04 2.544409080439103832e+02
2.100000000000000000e+01 3.281901420997157288e+02 -8.458085765951869917e+01 2.022411668038981588e+04 2.544763521347147730e+02
2.200000000000000000e+01 1.235948309211065350e+02 -7.964946514900719876e+01 2.100708507772719895e+04 4.387204459135966772e+02
2.200000000000000000e+01 1.235948309211065350e+02 -5.095625243686757244e+01 2.100708181228297690e+04 4.386665792556710812e+02
2.200000000000000000e+01 1.235948309211065350e+02 -5.692442279940571126e+01 2.100708181228297690e+04 4.385588620976628818e+02
2.200000000000000000e+01 1.235948309211065350e+02 -7.953267013603782232e+01 2.100737671134825723e+04 4.387743179581880213e+02
2.200000000000000000e+01 1.235948309211065350e+02 -7.914160360339586475e+01 2.100728835008566602e+04 4.386665792556710812e+02
2.200000000000000000e+01 1.235948309211065350e+02 -8.019086004987831018e+01 2.100792884597982993e+04 4.385588620976628818e+02
2.200000000000000000e+01 1.235948309211065350e+02 -5.879427717011516563e+01 2.100708181228297690e+04 4.384511664798552601e+02
2.200000000000000000e+01 1.235948309211065350e+02 -8.147935890218386135e+01 2.100837593256241234e+04 4.382896634315975462e+02
2.200000000000000000e+01 1.235948309211065350e+02 -5.165962951593265728e+01 2.100708181228297690e+04 4.385050115965032091e+02
2.200000000000000000e+01 1.235948309211065350e+02 -5.319880903788476445e+01 2.100708181228297690e+04 4.383973267471805002e+02
2.300000000000000000e+01 1.640588618937150613e+02 -2.729076314185180152e+01 2.196078525896629071e+04 5.010819631346344067e+02
2.300000000000000000e+01 1.639276738457087106e+02 -1.657624881949751838e+01 2.194322453400724044e+04 5.006013138815235379e+02
2.300000000000000000e+01 1.640096540770383058e+02 -1.683406652412305604e+01 2.195419834081613953e+04 5.009016746046019080e+02
2.300000000000000000e+01 1.639440666130932698e+02 -1.764032099274744425e+01 2.194541885646064111e+04 5.006613740129116650e+02
2.300000000000000000e+01 1.639768570658565636e+02 -1.644353084070717230e+01 2.194980815968611932e+04 5.007815122943279675e+02
2.300000000000000000e+01 1.640260550424460178e+02 -2.713675378548581207e+01 2.195639376065022225e+04 5.009617647720623381e+02
2.300000000000000000e+01 1.639932547515631427e+02 -2.712818151621785745e+01 2.195200314050208908e+04 5.008415904455573582e+02
2.300000000000000000e+01 1.639112827174369613e+02 -2.820360019385110562e+01 2.194103043096414331e+04 5.005412597555480261e+02
2.300000000000000000e+01 1.639604610197545753e+02 -1.654969711828520218e+01 2.194761339834628598e+04 5.007214401503129011e+02
2.300000000000000000e+01 1.640424576479502718e+02 -2.721687751357596952e+01 2.195858940002628879e+04 5.010218609485395973e+02
2.400000000000000000e+01 3.400178393737606370e+02 -5.778005918233922245e+01 2.308427092983114926e+04 2.088447071992835049e+02
2.400000000000000000e+01 3.401198549264479425e+02 -5.776325452165247043e+01 2.308432940457203586e+04 2.088447071992835049e+02
2.400000000000000000e+01 3.398818662329958897e+02 -5.440514516106680531e+01 2.307641034364618463e+04 2.088447071992835049e+02
2.400000000000000000e+01 3.399498460050611470e+02 -5.482539781727035688e+01 2.308102585647901651e+04 2.088447071992835049e+02
2.400000000000000000e+01 3.400518411576979929e+02 -5.519590028205787036e+01 2.308427092983114926e+04 2.088447071992835049e+02
2.400000000000000000e+01 3.400858463418137489e+02 -5.773325164685104482e+01 2.308432940457203586e+04 2.088447071992835049e+02
2.400000000000000000e+01 3.399838409896616440e+02 -5.620809131616364596e+01 2.308333395906466467e+04 2.088447071992835049e+02
2.400000000000000000e+01 3.398478814448513958e+02 -5.674825298752404024e+01 2.307410293335284950e+04 2.088447071992835049e+02
2.400000000000000000e+01 3.401538669119406109e+02 -5.778768407264389140e+01 2.308432940457203586e+04 2.088447071992835049e+02
2.400000000000000000e+01 3.399158544196191656e+02 -5.527378516647867457e+01 2.307871798468054840e+04 2.088447071992835049e+02
2.500000000000000000e+01 3.400858463418137489e+02 -8.692108749717210969e+01 2.358455672301826780e+04 2.197174425326624032e+02
2.500000000000000000e+01 3.399158544196191656e+02 -8.475445469992475012e+01 2.358455672301826780e+04 2.195576317578244812e+02
2.500000000000000000e+01 3.401198549264479425e+02 -8.690136796917634854e+01 2.358455672301826780e+04 2.197494142769156724e+02
2.500000000000000000e+01 3.401538669119406109e+02 -8.689956943933194111e+01 2.358455672301826780e+04 2.197813892183433495e+02
2.500000000000000000e+01 3.399498460050611470e+02 -8.299663591075163538e+01 2.358455672301826780e+04 2.195895875210002828e+02
2.500000000000000000e+01 3.398478814448513958e+02 -8.710891382986186215e+01 2.358455672301826780e+04 2.194937298169238034e+02
2.500000000000000000e+01 3.400518411576979929e+02 -8.293155744995920031e+01 2.358455672301826780e+04 2.196854739852638545e+02
2.500000000000000000e+01 3.398818662329958897e+02 -8.330925254436475313e+01 2.358455672301826780e+04 2.195256791899054747e+02
2.500000000000000000e+01 3.400178393737606370e+02 -8.687114069761008750e+01 2.358455672301826780e+04 2.196535086344003957e+02
2.500000000000000000e+01 3.399838409896616440e+02 -8.474299147365188389e+01 2.358455672301826780e+04 2.196215464797523964e+02
2.600000000000000000e+01 2.915723425057769305e+02 -9.000000000000000000e+01 2.444282626324161538e+04 4.341226117047986008e+02
2.600000000000000000e+01 2.914266000601724045e+02 -9.000000000000000000e+01 2.444282626324161538e+04 4.341226117047986008e+02
2.600000000000000000e+01 2.916014997400275206e+02 -9.000000000000000000e+01 2.444282626324161538e+04 4.341760239659690797e+02
2.600000000000000000e+01 2.916306598900015388e+02 -9.000000000000000000e+01 2.444282626324161538e+04 4.341226117047986008e+02
2.600000000000000000e+01 2.916598229559905349e+02 -9.000000000000000000e+01 2.444282626324161538e+04 4.341226117047986008e+02
2.600000000000000000e+01 2.916889889382861156e+02 -9.000000000000000000e+01 2.444282626324161538e+04 4.341226117047986008e+02
2.600000000000000000e+01 2.915140367832798916e+02 -9.000000000000000000e+01 2.444282626324161538e+04 4.341760239659690797e+02
2.600000000000000000e+01 2.914848882944504567e+02 -9.000000000000000000e+01 2.444282626324161538e+04 4.341760239659690797e+02
2.600000000000000000e+01 2.915431881869582185e+02 -9.000000000000000000e+01 2.444282626324161538e+04 4.341760239659690797e+02
2.600000000000000000e+01 2.914557427201784208e+02 -9.000000000000000000e+01 2.444282626324161538e+04 4.341760239659690797e+02
2.700000000000000000e+01 2.690455971415421459e+02 -9.000000000000000000e+01 2.590588714797368448e+04 3.061975450503024945e+02
2.700000000000000000e+01 2.690186952720149520e+02 -9.000000000000000000e+01 2.590588714797368448e+04 3.059945071931950906e+02
2.700000000000000000e+01 2.690455971415421459e+02 -9.000000000000000000e+01 2.590588714797368448e+04 3.061569293573667778e+02
2.700000000000000000e+01 2.690455971415421459e+02 -9.000000000000000000e+01 2.590588714797368448e+04 3.060351066439143892e+02
2.700000000000000000e+01 2.689111146903962890e+02 -9.000000000000000000e+01 2.589889349803986261e+04 3.058321499816501046e+02
2.700000000000000000e+01 2.690455971415421459e+02 -9.000000000000000000e+01 2.590588714797368448e+04 3.061163177255942287e+02
2.700000000000000000e+01 2.689648996024454846e+02 -9.000000000000000000e+01 2.590407353572840657e+04 3.059133204699679141e+02
2.700000000000000000e+01 2.689380058018653017e+02 -9.000000000000000000e+01 2.590148338738966777e+04 3.058727331966482552e+02
2.700000000000000000e+01 2.689917960924057070e+02 -9.000000000000000000e+01 2.590588714797368448e+04 3.059539118020148862e+02
2.700000000000000000e+01 2.690455971415421459e+02 -9.000000000000000000e+01 2.590588714797368448e+04 3.060757101545787577e+02
2.800000000000000000e+01 5.525432349530101561e+01 7.768366685944566541e+01 2.676082871651561800e+04 4.144659011269994835e+02
2.800000000000000000e+01 5.523222729023034816e+01 8.396608786519580292e+01 2.675562833937499454e+04 4.141134215095388527e+02
2.800000000000000000e+01 5.524327428801066731e+01 5.304364798121868319e+01 2.675761575845812695e+04 4.142087453283185141e+02
2.800000000000000000e+01 5.525432349530101561e+01 4.733336381930246972e+01 2.676019518438433442e+04 4.143115922194716632e+02
2.800000000000000000e+01 5.524879861543946902e+01 2.235316661854313125e+01 2.676082209410229552e+04 4.142601662028513374e+02
2.800000000000000000e+01 5.525432349530101561e+01 7.807726290931603330e+01 2.676168807210611703e+04 4.145173477171122158e+02
2.800000000000000000e+01 5.525432349530101561e+01 7.982864965804076007e+01 2.675978721908135049e+04 4.143630233786935833e+02
2.800000000000000000e+01 5.525432349530101561e+01 2.140362277176100392e+01 2.676300151768139403e+04 4.144144596810314169e+02
2.800000000000000000e+01 5.523775051295937288e+01 2.446660461644302131e+01 2.675967784029289032e+04 4.141573295953589877e+02
2.800000000000000000e+01 5.525432349530101561e+01 7.998238508408414305e+01 2.676387875575186263e+04 4.145687994518839332e+02
2.900000000000000000e+01 1.796249569364368597e+02 -6.452118505503878509e+01 2.750800261345100807e+04 2.504697809961083976e+02
2.900000000000000000e+01 1.796788498124461171e+02 -8.575952677824574266e+01 2.751900746508658267e+04 2.504697809961083976e+02
2.900000000000000000e+01 1.796788498124461171e+02 -7.406527361256600273e+01 2.751625583950263172e+04 2.504697809961083976e+02
2.900000000000000000e+01 1.795890373330798866e+02 -8.413628929758726827e+01 2.750525208824218498e+04 2.504697809961083976e+02
2.900000000000000000e+01 1.797147873791971051e+02 -8.647274952061933107e+01 2.752451154176967611e+04 2.504697809961083976e+02
2.900000000000000000e+01 1.797147873791971051e+02 -6.447392525706237620e+01 2.752175936583309158e+04 2.505048279742080126e+02
2.900000000000000000e+01 1.796608837240736989e+02 -6.388441989798153742e+01 2.751350448905372468e+04 2.505048279742080126e+02
2.900000000000000000e+01 1.796429194321304976e+02 -7.332608637970405141e+01 2.751075341371235481e+04 2.504697809961083976e+02
2.900000000000000000e+01 1.797327588579350390e+02 -8.682427600705767645e+01 2.752726399292385395e+04 2.504697809961083976e+02
2.900000000000000000e+01 1.797507321338208328e+02 -8.686815944521023880e+01 2.753001671932314639e+04 2.504697809961083976e+02
3.000000000000000000e+01 2.296593031958726954e+02 -3.480437149089500792e+01 2.852097294194579808e+04 3.581974511640208334e+02
3.000000000000000000e+01 2.296593031958726954e+02 -2.963447749113147012e+01 2.852104874756295249e+04 3.580600194159374610e+02
3.000000000000000000e+01 2.296593031958726954e+02 -4.239120233916984404e+01 2.852104874756295249e+04 3.582432709091372089e+02
3.000000000000000000e+01 2.296593031958726954e+02 -4.213765703324705925e+01 2.852104874756295249e+04 3.583349241457517564e+02
3.000000000000000000e+01 2.296593031958726954e+02 -4.224032268114098088e+01 2.852104874756295249e+04 3.580142179941380505e+02
3.000000000000000000e+01 2.296593031958726954e+02 -4.228557605608845904e+01 2.852104874756295249e+04 3.583807576381663580e+02
3.000000000000000000e+01 2.296593031958726954e+02 -2.910094628502510972e+01 2.852104874756295249e+04 3.581516360004208082e+02
3.000000000000000000e+01 2.296593031958726954e+02 -3.518281137524834179e+01 2.852104874756295249e+04 3.581058254178790321e+02
3.000000000000000000e+01 2.296593031958726954e+02 -2.905757023830093644e+01 2.852104874756295249e+04 3.582890952362281496e+02
3.000000000000000000e+01 2.296593031958726954e+02 -4.234666946642656171e+01 2.852104874756295249e+04 3.584265957139301690e+02
3.100000000000000000e+01 2.179668378497351569e+02 -3.276826652386306193e+01 2.993578603685850248e+04 2.443966997792497295e+02
3.100000000000000000e+01 2.179668378497351569e+02 -2.969328003437878394e+01 2.993578603685850248e+04 2.443966997792497295e+02
3.100000000000000000e+01 2.179668378497351569e+02 -3.665515050756732762e+01 2.993578603685850248e+04 2.443966997792497295e+02
3.100000000000000000e+01 2.179668378497351569e+02 -3.668968409027699096e+01 2.993578603685850248e+04 2.443966997792497295e+02
3.100000000000000000e+01 2.179668378497351569e+02 -2.965820218007984366e+01 2.993578603685850248e+04 2.443966997792497295e+02
3.100000000000000000e+01 2.179668378497351569e+02 -3.004237126428836291e+01 2.993578603685850248e+04 2.443966997792497295e+02
3.100000000000000000e+01 2.179668378497351569e+02 -3.465787075093216174e+01 2.993578603685850248e+04 2.443966997792497295e+02
3.100000000000000000e+01 2.179668378497351569e+02 -3.697480183756611893e+01 2.993578603685850248e+04 2.443966997792497295e+02
3.100000000000000000e+01 2.179668378497351569e+02 -3.677322013671768985e+01 2.993578603685850248e+04 2.443966997792497295e+02
3.100000000000000000e+01 2.179668378497351569e+02 -3.664524211899466621e+01 2.993578603685850248e+04 2.443966997792497295e+02
3.200000000000000000e+01 3.401538669119406109e+02 2.087823267750590617e+01 3.163578225275981094e+04 5.649150565334425664e+02
3.200000000000000000e+01 3.401198549264479425e+02 2.123618262988824412e+01 3.163261899086072663e+04 5.648485716762749007e+02
3.200000000000000000e+01 3.400178393737606370e+02 2.202439442233951894e+01 3.162313110280433102e+04 5.646491569890388291e+02
3.200000000000000000e+01 3.398818662329958897e+02 8.847968169856544662e+00 3.161048501204396598e+04 5.643833637778683396e+02
3.200000000000000000e+01 3.399158544196191656e+02 1.330077491087800290e+01 3.161364606054517208e+04 5.644498021142461539e+02
3.200000000000000000e+01 3.400858463418137489e+02 2.159300092248054526e+01 3.162945604525620001e+04 5.647820934669282451e+02
3.200000000000000000e+01 3.399498460050611470e+02 8.083810105676427327e+00 3.161680742515122620e+04 5.645162470944575261e+02
3.200000000000000000e+01 3.399838409896616440e+02 1.039337137121336418e+01 3.161996910589374238e+04 5.645826987191669559e+02
3.200000000000000000e+01 3.398478814448513958e+02 2.302492137686554585e+01 3.160732427961600479e+04 5.643169320846599248e+02
3.200000000000000000e+01 3.400518411576979929e+02 7.436093526517622898e+00 3.162629341591460980e+04 5.647156219047377590e+02
3.300000000000000000e+01 3.399498460050611470e+02 -5.086030656584675569e+01 3.284523597106204397e+04 3.735649844068370840e+01
3.300000000000000000e+01 3.400518411576979929e+02 -5.082111411352235564e+01 3.284525495244345802e+04 3.739770951104821961e+01
3.300000000000000000e+01 3.398478814448513958e+02 -5.549325193244242627e+01 3.284654720937399543e+04 3.731529973116806786e+01
3.300000000000000000e+01 3.398818662329958897e+02 -5.103751116167207158e+01 3.284514705588268407e+04 3.732903126114118209e+01
3.300000000000000000e+01 3.401198549264479425e+02 -5.569518875561625038e+01 3.284853947793869884e+04 3.742519042692751441e+01
3.300000000000000000e+01 3.400178393737606370e+02 -5.577717523713624104e+01 3.284853947793869884e+04 3.738397111393683758e+01
3.300000000000000000e+01 3.399158544196191656e+02 -5.305570838637478204e+01 3.284852049465914752e+04 3.734276416426729384e+01
3.300000000000000000e+01 3.401538669119406109e+02 -5.567608189840633059e+01 3.284853947793869884e+04 3.743893294597020827e+01
3.300000000000000000e+01 3.400858463418137489e+02 -5.574293137285859245e+01 3.284853947793869884e+04 3.741144928199932451e+01
3.300000000000000000e+01 3.399838409896616440e+02 -5.249549109523002954e+01 3.284834137012159044e+04 3.737023409052778788e+01
3.400000000000000000e+01 3.399838409896616440e+02 -9.000000000000000000e+01 3.396375107095236308e+04 5.567752880786092646e+02
3.400000000000000000e+01 3.400518411576979929e+02 -9.000000000000000000e+01 3.396375107095236308e+04 5.569066497039779051e+02
3.400000000000000000e+01 3.399498460050611470e+02 -9.000000000000000000e+01 3.396375107095236308e+04 5.566439527216253964e+02
3.400000000000000000e+01 3.400858463418137489e+02 -9.000000000000000000e+01 3.396375107095236308e+04 5.569723403689482666e+02
3.400000000000000000e+01 3.398818662329958897e+02 -9.000000000000000000e+01 3.396375107095236308e+04 5.565126436277734001e+02
3.400000000000000000e+01 3.399838409896616440e+02 -9.000000000000000000e+01 3.396375107095236308e+04 5.567096171168975616e+02
3.400000000000000000e+01 3.401198549264479425e+02 -9.000000000000000000e+01 3.396375107095236308e+04 5.570380376029851277e+02
3.400000000000000000e+01 3.400518411576979929e+02 -9.000000000000000000e+01 3.396375107095236308e+04 5.568409656074171608e+02
3.400000000000000000e+01 3.398139000548459308e+02 -9.000000000000000000e+01 3.396375107095236308e+04 5.564469989278805997e+02
3.400000000000000000e+01 3.399158544196191656e+02 -9.000000000000000000e+01 3.396375107095236308e+04 5.565782948921362276e+02
3.500000000000000000e+01 2.911289878941625489e+02 -6.101078503949725018e+01 3.477935841900007654e+04 5.630172900143337529e+02
3.500000000000000000e+01 2.912163353246916131e+02 -9.000000000000000000e+01 3.477935841900007654e+04 5.632162150925197466e+02
3.500000000000000000e+01 2.910707708292889606e+02 -7.551732557937131673e+01 3.477935841900007654e+04 5.628847064441978318e+02
3.500000000000000000e+01 2.911872166030312883e+02 -9.000000000000000000e+01 3.477935841900007654e+04 5.631499001025094913e+02
3.500000000000000000e+01 2.909543716222138983e+02 -9.000000000000000000e+01 3.477935841900007654e+04 5.626196188368354569e+02
3.500000000000000000e+01 2.911581007929519842e+02 -9.000000000000000000e+01 3.477935841900007654e+04 5.630835917433352051e+02
3.500000000000000000e+01 2.910998779063718871e+02 -9.000000000000000000e+01 3.477935841900007654e+04 5.629509949148422265e+02
3.500000000000000000e+01 2.910125654060820466e+02 -8.073516802174589202e+01 3.477935841900007654e+04 5.627521493867990330e+02
3.500000000000000000e+01 2.909834670593760961e+02 -6.309868255342284016e+01 3.477935841900007654e+04 5.626858807987191540e+02
3.500000000000000000e+01 2.910416666626226743e+02 -6.124279015650765956e+01 3.477935841900007654e+04 5.628184246017376609e+02
3.600000000000000000e+01 3.399158544196191656e+02 -2.885401094845204284e+01 3.565862745139987965e+04 3.882533135551677788e+02
3.600000000000000000e+01 3.398818662329958897e+02 -2.892099049575714176e+01 3.565987508976735262e+04 3.882533135551677788e+02
3.600000000000000000e+01 3.400518411576979929e+02 -1.199175829863288101e+01 3.566365202008857887e+04 3.883021388865233234e+02
3.600000000000000000e+01 3.401198549264479425e+02 -1.227368527259798903e+01 3.566505268001188961e+04 3.883021388865233234e+02
3.600000000000000000e+01 3.399498460050611470e+02 -2.901633470384922120e+01 3.566189050971456891e+04 3.882533135551677788e+02
3.600000000000000000e+01 3.398139000548459308e+02 -1.077460172218734691e+01 3.565377319672676094e+04 3.883021388865233234e+02
3.600000000000000000e+01 3.400858463418137489e+02 -1.211291350500983732e+01 3.566505268001188961e+04 3.883021388865233234e+02
3.600000000000000000e+01 3.399838409896616440e+02 -1.202755721144293943e+01 3.566365202008857887e+04 3.883021388865233234e+02
3.600000000000000000e+01 3.400518411576979929e+02 -2.927154241227602682e+01 3.566494042307238851e+04 3.882533135551677788e+02
3.600000000000000000e+01 3.399838409896616440e+02 -2.955008773718253678e+01 3.566153435730697674e+04 3.882533135551677788e+02
3.700000000000000000e+01 3.398139000548459308e+02 -8.922958696900214193e+01 3.648611994434247754e+04 3.782441567549041110e+02
3.700000000000000000e+01 3.400858463418137489e+02 -8.848552696396103556e+01 3.649267631401710969e+04 3.783876443497335913e+02
3.700000000000000000e+01 3.399838409896616440e+02 -5.756704844246870323e+01 3.648902741127597983e+04 3.781963371211920162e+02
3.700000000000000000e+01 3.401198549264479425e+02 -8.830156227893606058e+01 3.649267631401710969e+04 3.784354831141685622e+02
3.700000000000000000e+01 3.399158544196191656e+02 -5.853627255572000365e+01 3.648902741127597983e+04 3.781963371211920162e+02
3.700000000000000000e+01 3.400518411576979929e+02 -8.855102347312777056e+01 3.649267631401710969e+04 3.783398103686967033e+02
3.700000000000000000e+01 3.399498460050611470e+02 -5.065929367876196210e+01 3.648902741127597983e+04 3.782441567549041110e+02
3.700000000000000000e+01 3.398818662329958897e+02 -5.133004568284705016e+01 3.648611994434247754e+04 3.782441567549041110e+02
3.700000000000000000e+01 3.400518411576979929e+02 -5.053122496953286458e+01 3.648902741127597983e+04 3.782919811705796178e+02
3.700000000000000000e+01 3.399838409896616440e+02 -8.866516413865140578e+01 3.649267631401710969e+04 3.782441567549041110e+02
3.800000000000000000e+01 3.400178393737606370e+02 -8.741484176167089970e+01 3.759012187196702143e+04 6.871908716391928351e+01
3.800000000000000000e+01 3.399838409896616440e+02 -7.829604408118986214e+01 3.759012187196702143e+04 6.870221694222504993e+01
3.800000000000000000e+01 3.400858463418137489e+02 -8.736286899822567875e+01 3.759012187196702143e+04 6.875283266854293629e+01
3.800000000000000000e+01 3.401538669119406109e+02 -8.731502633326358875e+01 3.759012187196702143e+04 6.878658492260495905e+01
3.800000000000000000e+01 3.400518411576979929e+02 -7.473974417427747596e+01 3.759012187196702143e+04 6.873595907263566573e+01
3.800000000000000000e+01 3.398478814448513958e+02 -8.736087547097551465e+01 3.758796353958234977e+04 6.863475292229637148e+01
3.800000000000000000e+01 3.401198549264479425e+02 -8.733349715797203316e+01 3.759012187196702143e+04 6.876970795180977802e+01
3.800000000000000000e+01 3.399498460050611470e+02 -7.475495537003334334e+01 3.759012187196702143e+04 6.868534840738431058e+01
3.800000000000000000e+01 3.399158544196191656e+02 -7.857720116859657367e+01 3.759012187196702143e+04 6.866848155922838259e+01
3.800000000000000000e+01 3.398818662329958897e+02 -7.479588777404063649e+01 3.758797124923477531e+04 6.865161639758861156e+01
3.900000000000000000e+01 1.575386908309560283e+02 -2.832000988285305354e+01 3.908230048276666639e+04 2.435995687698733718e+02
3.900000000000000000e+01 1.575386908309560283e+02 -2.782485082306288859e+01 3.907057813716909732e+04 2.435995687698733718e+02
3.900000000000000000e+01 1.575386908309560283e+02 -3.629174249660557905e+01 3.907448519498281530e+04 2.435995687698733718e+02
3.900000000000000000e+01 1.575229385371023056e+02 -7.547118571444590884e+01 3.907839264350231679e+04 2.436339287267503551e+02
3.900000000000000000e+01 1.575386908309560283e+02 -3.842693927373883156e+01 3.906667147002209822e+04 2.435995687698733718e+02
3.900000000000000000e+01 1.575386908309560283e+02 -2.818442552051710592e+01 3.906276519350274611e+04 2.435995687698733718e+02
3.900000000000000000e+01 1.575229385371023056e+02 -7.577462970764318584e+01 3.908620871281494328e+04 2.436339287267503551e+02
3.900000000000000000e+01 1.575229385371023056e+02 -7.635146670110194123e+01 3.909334303769613325e+04 2.436339287267503551e+02
3.900000000000000000e+01 1.575229385371023056e+02 -7.512680944432605656e+01 3.905885930757199094e+04 2.436339287267503551e+02
3.900000000000000000e+01 1.575229385371023056e+02 -7.627593711998815706e+01 3.909011733368622663e+04 2.436339287267503551e+02
4.000000000000000000e+01 3.397810392724898065e+02 -8.688175076436962740e+01 4.011946947986459418e+04 1.162033895570563686e+02
4.000000000000000000e+01 3.398150173764170745e+02 -8.687819798289706341e+01 4.011946947986459418e+04 1.162250098960120681e+02
4.000000000000000000e+01 3.395772419839211125e+02 -6.428209278239215507e+01 4.011946947986459418e+04 1.160737129139292847e+02
4.000000000000000000e+01 3.395432876551556092e+02 -8.744975941999358326e+01 4.011946947986459418e+04 1.160305046526937076e+02
4.000000000000000000e+01 3.396451608280902974e+02 -6.344735207397819465e+01 4.011946947986459418e+04 1.161169298172492006e+02
4.000000000000000000e+01 3.396111997081195000e+02 -5.888987609808577872e+01 4.011946947986459418e+04 1.160953202852206800e+02
4.000000000000000000e+01 3.396791253441730873e+02 -8.702562687070192737e+01 4.011946947986459418e+04 1.161385415102309366e+02
4.000000000000000000e+01 3.397470645660332025e+02 -8.691616656318420553e+01 4.011946947986459418e+04 1.161817713799183878e+02
4.000000000000000000e+01 3.397130932567075092e+02 -5.882194356261562973e+01 4.011946947986459418e+04 1.161601553643819500e+02
4.000000000000000000e+01 3.395432876551556092e+02 -5.932024181298151433e+01 4.011946947986459418e+04 1.160521077031589812e+02
4.100000000000000000e+01 3.400858463418137489e+02 -9.000000000000000000e+01 4.086625658667566313e+04 2.231782854289665465e+02
4.100000000000000000e+01 3.399158544196191656e+02 9.000000000000000000e+01 4.086250223083165474e+04 2.231459708318833464e+02
4.100000000000000000e+01 3.399498460050611470e+02 9.000000000000000000e+01 4.086607404633813712e+04 2.231459708318833464e+02
4.100000000000000000e+01 3.399838409896616440e+02 -9.000000000000000000e+01 4.086408051651273126e+04 2.231459708318833464e+02
4.100000000000000000e+01 3.398818662329958897e+02 9.000000000000000000e+01 4.086236154675490252e+04 2.231136594659367347e+02
4.100000000000000000e+01 3.400178393737606370e+02 9.000000000000000000e+01 4.086816692456438614e+04 2.231782854289665465e+02
4.100000000000000000e+01 3.401198549264479425e+02 -9.000000000000000000e+01 4.086625658667566313e+04 2.232106032575094332e+02
4.100000000000000000e+01 3.398139000548459308e+02 -9.000000000000000000e+01 4.085417341510693223e+04 2.230490464261610555e+02
4.100000000000000000e+01 3.398478814448513958e+02 9.000000000000000000e+01 4.086177831662324024e+04 2.230813513308036704e+02
4.100000000000000000e+01 3.400518411576979929e+02 -9.000000000000000000e+01 4.086556931959851499e+04 2.231782854289665465e+02
4.200000000000000000e+01 3.391695423601311177e+01 -9.000000000000000000e+01 4.166465430921863299e+04 4.629282832532763905e+02
4.200000000000000000e+01 3.391695423601311177e+01 -9.000000000000000000e+01 4.167298765672701848e+04 4.630408745392098808e+02
4.200000000000000000e+01 3.391695423601311177e+01 4.250073393293530444e+01 4.166048826039259438e+04 4.628157144822228020e+02
4.200000000000000000e+01 3.391695423601311177e+01 3.909790689839596212e+01 4.169799770110272220e+04 4.633224512861976336e+02
4.200000000000000000e+01 3.391356287972514139e+01 9.000000000000000000e+01 4.168132267098823650e+04 4.630408745392098808e+02
4.200000000000000000e+01 3.391695423601311177e+01 -9.000000000000000000e+01 4.166882077464955364e+04 4.629845760816017446e+02
4.200000000000000000e+01 3.391695423601311177e+01 4.515544216641198005e+01 4.168965935233566415e+04 4.632098036933608682e+02
4.200000000000000000e+01 3.391695423601311177e+01 4.320349842591880218e+01 4.168132267098823650e+04 4.630971786266637764e+02
4.200000000000000000e+01 3.391695423601311177e+01 4.186736945490888928e+01 4.169382831827089831e+04 4.632661246737302463e+02
4.200000000000000000e+01 3.391695423601311177e+01 -9.000000000000000000e+01 4.168549080325533578e+04 4.632098036933608682e+02
4.300000000000000000e+01 7.407477338210004802e+01 9.000000000000000000e+01 4.225033990264124441e+04 3.477786987498287203e+02
4.300000000000000000e+01 7.407477338210004802e+01 -3.326572456989393345e+01 4.225494569489669811e+04 3.478234766197036834e+02
4.300000000000000000e+01 7.407477338210004802e+01 -3.273181058027883239e+01 4.226017451451723173e+04 3.478234766197036834e+02
4.300000000000000000e+01 7.407477338210004802e+01 -9.000000000000000000e+01 4.224654303429185529e+04 3.478234766197036834e+02
4.300000000000000000e+01 7.407477338210004802e+01 -9.000000000000000000e+01 4.225033990264124441e+04 3.478234766197036834e+02
4.300000000000000000e+01 7.407477338210004802e+01 -9.000000000000000000e+01 4.225494569489669811e+04 3.478682589673656480e+02
4.300000000000000000e+01 7.407477338210004802e+01 -3.324668521622970019e+01 4.225917118946618575e+04 3.478234766197036834e+02
4.300000000000000000e+01 7.406736664543549864e+01 9.000000000000000000e+01 4.225337525949395786e+04 3.477786987498287203e+02
4.300000000000000000e+01 7.407477338210004802e+01 -3.234804798912834656e+01 4.226017451451723173e+04 3.478234766197036834e+02
4.300000000000000000e+01 7.407477338210004802e+01 -3.346188309273664174e+01 4.224232325769634190e+04 3.477786987498287203e+02
4.400000000000000000e+01 1.627758583905451246e+02 9.000000000000000000e+01 4.294340255264021107e+04 3.344357248583949058e+02
4.400000000000000000e+01 1.627758583905451246e+02 2.927767333978286857e+01 4.293910864177603071e+04 3.343922856298319175e+02
4.400000000000000000e+01 1.627758583905451246e+02 3.012831908316846707e+01 4.292622948510068818e+04 3.342623502812833181e+02
4.400000000000000000e+01 1.627758583905451246e+02 9.000000000000000000e+01 4.293481516026000463e+04 3.343488507447574420e+02
4.400000000000000000e+01 1.627758583905451246e+02 -9.000000000000000000e+01 4.292622948510068818e+04 3.343054202027371957e+02
4.400000000000000000e+01 1.627758583905451246e+02 -9.000000000000000000e+01 4.291764552681886562e+04 3.342189283884444535e+02
4.400000000000000000e+01 1.627758583905451246e+02 9.000000000000000000e+01 4.294770127882871020e+04 3.345226163477238401e+02
4.400000000000000000e+01 1.627758583905451246e+02 3.722562776967948395e+01 4.291764552681886562e+04 3.341755108373607186e+02
4.400000000000000000e+01 1.627758583905451246e+02 9.000000000000000000e+01 4.294769689289547387e+04 3.344791684308807476e+02
4.400000000000000000e+01 1.627758583905451246e+02 9.000000000000000000e+01 4.291335419139972510e+04 3.341320976275979433e+02
4.500000000000000000e+01 2.425804372808928235e+02 -9.000000000000000000e+01 4.428154097361524327e+04 2.010977193614932048e+02
4.500000000000000000e+01 2.426046953246209057e+02 9.000000000000000000e+01 4.428811016453912453e+04 2.010977193614932048e+02
4.500000000000000000e+01 2.425561816627265443e+02 9.000000000000000000e+01 4.428154097361524327e+04 2.010977193614932048e+02
4.500000000000000000e+01 2.425319284698795457e+02 -9.000000000000000000e+01 4.427268599368964351e+04 2.010977193614932048e+02
4.500000000000000000e+01 2.427017517600029350e+02 -9.000000000000000000e+01 4.428455090619553812e+04 2.010977193614932048e+02
4.500000000000000000e+01 2.426289557941533701e+02 -9.000000000000000000e+01 4.428455090619553812e+04 2.010977193614932048e+02
4.500000000000000000e+01 2.427260219351789488e+02 -9.000000000000000000e+01 4.428455090619553812e+04 2.010977193614932048e+02
4.500000000000000000e+01 2.426774840116017629e+02 9.000000000000000000e+01 4.428897936128616129e+04 2.010977193614932048e+02
4.500000000000000000e+01 2.426532186897327961e+02 -9.000000000000000000e+01 4.428455090619553812e+04 2.010977193614932048e+02
4.500000000000000000e+01 2.427502945373724685e+02 -9.000000000000000000e+01 4.428455090619553812e+04 2.010977193614932048e+02
4.600000000000000000e+01 1.325166556860687024e+02 1.540551614628138744e+01 4.521610319526503736e+04 3.269981472431787211e+02
4.600000000000000000e+01 1.324782414403636608e+02 9.000000000000000000e+01 4.522062480558456446e+04 3.267420380005372067e+02
4.600000000000000000e+01 1.324914892645076918e+02 1.681852065189657353e+01 4.521610319526503736e+04 3.267420380005372067e+02
4.600000000000000000e+01 1.325034053455341621e+02 9.000000000000000000e+01 4.522062480558456446e+04 3.269554516980089147e+02
4.600000000000000000e+01 1.325299073516373198e+02 1.535565942806972295e+01 4.521610319526503736e+04 3.270408470579030222e+02
4.600000000000000000e+01 1.324914892645076918e+02 1.557173244659249534e+01 4.521610319526503736e+04 3.266567023934915142e+02
4.600000000000000000e+01 1.324782414403636608e+02 9.000000000000000000e+01 4.522062480558456446e+04 3.268273906755576945e+02
4.600000000000000000e+01 1.325166556860687024e+02 1.555008277906698844e+01 4.521610319526503736e+04 3.269554516980089147e+02
4.600000000000000000e+01 1.325034053455341621e+02 4.102348260373069166e+01 4.521610319526503736e+04 3.268273906755576945e+02
4.600000000000000000e+01 1.325034053455341621e+02 1.574081754316486226e+01 4.521610319526503736e+04 3.268700734146252671e+02
4.700000000000000000e+01 6.644773295702721327e+01 9.000000000000000000e+01 4.627925934201150085e+04 3.436181504750331328e+02
4.700000000000000000e+01 6.640787826755668277e+01 -9.000000000000000000e+01 4.626874807923889603e+04 3.436625122900806559e+02
4.700000000000000000e+01 6.644108884814239957e+01 -9.000000000000000000e+01 4.627518192608644313e+04 3.436625122900806559e+02
4.700000000000000000e+01 6.645437773032291773e+01 -9.000000000000000000e+01 4.627522558314162598e+04 3.436625122900806559e+02
4.700000000000000000e+01 6.642116050728897392e+01 -9.000000000000000000e+01 4.626959960233789752e+04 3.436625122900806559e+02
4.700000000000000000e+01 6.646766927041275608e+01 -9.000000000000000000e+01 4.627756986542535014e+04 3.436625122900806559e+02
4.700000000000000000e+01 6.646102316809594868e+01 -9.000000000000000000e+01 4.627699461865361809e+04 3.436625122900806559e+02
4.700000000000000000e+01 6.643444540360204087e+01 -8.037700244417398210e+01 4.627212395076647226e+04 3.436625122900806559e+02
4.700000000000000000e+01 6.642116050728897392e+01 4.985288154322145715e+01 4.627094600610027555e+04 3.436625122900806559e+02
4.700000000000000000e+01 6.642780262333970143e+01 9.000000000000000000e+01 4.627422656229812856e+04 3.436181504750331328e+02
4.800000000000000000e+01 7.665156621613532195e+01 -7.194666805900929774e+01 4.707138261711366795e+04 3.387779216849951922e+02
4.800000000000000000e+01 7.666689729589421631e+01 -8.152395965976408831e+01 4.708485628600748169e+04 3.387340482801672010e+02
4.800000000000000000e+01 7.667456398562380571e+01 -9.000000000000000000e+01 4.709021399463176203e+04 3.387340482801672010e+02
4.800000000000000000e+01 7.669756865513309663e+01 -9.000000000000000000e+01 4.710434247158365906e+04 3.387340482801672010e+02
4.800000000000000000e+01 7.665923137275693477e+01 -9.000000000000000000e+01 4.707460756685784872e+04 3.387779216849951922e+02
4.800000000000000000e+01 7.668989966516657830e+01 -9.000000000000000000e+01 4.709963250833282655e+04 3.387340482801672010e+02
4.800000000000000000e+01 7.670523841199860726e+01 -9.000000000000000000e+01 4.710806074445989361e+04 3.387340482801672010e+02
4.800000000000000000e+01 7.663623820213251747e+01 -9.000000000000000000e+01 4.706667594951871433e+04 3.387340482801672010e+02
4.800000000000000000e+01 7.666689729589421631e+01 -9.000000000000000000e+01 4.708079736435091763e+04 3.387779216849951922e+02
4.800000000000000000e+01 7.668989966516657830e+01 -9.000000000000000000e+01 4.709492301603122178e+04 3.387779216849951922e+02
4.900000000000000000e+01 1.946481794909462337e+02 -1.446733688919764305e+01 4.771908725770325691e+04 2.704634107047581324e+02
4.900000000000000000e+01 1.946481794909462337e+02 -4.538710291521472584e+01 4.771924308174558246e+04 2.706116182983265617e+02
4.900000000000000000e+01 1.946481794909462337e+02 -4.563253377166108038e+01 4.771924308174558246e+04 2.705745608422423629e+02
4.900000000000000000e+01 1.946481794909462337e+02 -4.657830733255113387e+01 4.771796289978190907e+04 2.703152623794093188e+02
4.900000000000000000e+01 1.946481794909462337e+02 -4.518998262077223416e+01 4.771924308174558246e+04 2.706486794601564156e+02
4.900000000000000000e+01 1.946481794909462337e+02 9.000000000000000000e+01 4.771903033480072190e+04 2.704263680679513300e+02
4.900000000000000000e+01 1.946481794909462337e+02 -1.771365035496265961e+01 4.772210359191811585e+04 2.703893291350378263e+02
4.900000000000000000e+01 1.946481794909462337e+02 -4.589715565585198220e+01 4.771924308174558246e+04 2.705004570458286253e+02
4.900000000000000000e+01 1.946481794909462337e+02 9.000000000000000000e+01 4.771924308174558246e+04 2.705375070915332003e+02
4.900000000000000000e+01 1.946481794909462337e+02 9.000000000000000000e+01 4.771879407965390419e+04 2.703522939056472865e+02
5.000000000000000000e+01 1.877455616096171411e+02 8.946182808009467635e+01 4.850285477765496034e+04 2.997675707636532820e+02
5.000000000000000000e+01 1.878206710997457094e+02 1.075735764487877688e+01 4.850713293485800386e+04 2.997275980038529042e+02
5.000000000000000000e+01 1.877831125993946841e+02 9.000000000000000000e+01 4.851092127875777078e+04 2.997675707636532820e+02
5.000000000000000000e+01 1.877831125993946841e+02 1.113826579102256709e+01 4.850339679878830793e+04 2.997275980038529042e+02
5.000000000000000000e+01 1.877267889307240694e+02 9.000000000000000000e+01 4.850729857085299591e+04 2.997675707636532820e+02
5.000000000000000000e+01 1.877080181289111920e+02 9.000000000000000000e+01 4.850029424908420333e+04 2.997675707636532820e+02
5.000000000000000000e+01 1.876892492039907836e+02 9.000000000000000000e+01 4.850467603032485931e+04 2.997675707636532820e+02
5.000000000000000000e+01 1.876892492039907836e+02 1.135967471597733791e+01 4.849982604772008926e+04 2.997275980038529042e+02
5.000000000000000000e+01 1.878394531668556908e+02 1.073177595806886231e+01 4.850757422901684913e+04 2.997275980038529042e+02
5.000000000000000000e+01 1.878582371121723895e+02 1.072597649842866296e+01 4.850938792887152522e+04 2.997275980038529042e+02
