   2.3060000e+02
   2.1280000e+02
   1.9740000e+02
   1.8390000e+02
   1.7170000e+02
   1.5640000e+02
   1.4160000e+02
   1.2940000e+02
   1.2100000e+02
   1.1570000e+02
   1.1340000e+02
   1.1360000e+02
   1.1520000e+02
   1.1790000e+02
   1.2110000e+02
   1.2820000e+02
   1.3780000e+02
   1.4540000e+02
   1.5710000e+02
   1.7730000e+02
   1.9760000e+02
   1.9520000e+02
   1.6680000e+02
   1.5510000e+02
   1.5030000e+02
   1.4730000e+02
   1.4310000e+02
   1.3540000e+02
   1.2670000e+02
   1.1820000e+02
   1.1020000e+02
   1.0280000e+02
   9.6400000e+01
   8.6000000e+01
   7.4000000e+01
   6.2200000e+01
   5.3300000e+01
   4.8500000e+01
   4.7000000e+01
   4.6900000e+01
   4.7200000e+01
   4.8100000e+01
   4.9700000e+01
   5.2000000e+01
   5.4900000e+01
   5.8400000e+01
   6.2100000e+01
   6.6400000e+01
   6.9900000e+01
   7.2800000e+01
   7.5400000e+01
   7.7400000e+01
   8.0900000e+01
   8.6000000e+01
   9.6400000e+01
   1.0870000e+02
   1.2110000e+02
   1.3250000e+02
   1.4420000e+02
   1.5450000e+02
   1.6450000e+02
   1.8270000e+02
   2.1090000e+02
   2.5830000e+02
   2.9680000e+02
   3.0860000e+02
   2.8510000e+02
   2.6420000e+02
   2.4210000e+02
   2.2080000e+02
   2.0140000e+02
   1.8460000e+02
   1.7080000e+02
   1.5990000e+02
   1.5040000e+02
   1.4210000e+02
   1.3540000e+02
   1.2770000e+02
   1.2070000e+02
   1.1610000e+02
   1.0980000e+02
   1.0140000e+02
   9.3900000e+01
   8.9400000e+01
   8.6400000e+01
   8.4200000e+01
   8.3000000e+01
   8.2200000e+01
   8.1800000e+01
   8.1600000e+01
   8.1600000e+01
   8.2200000e+01
   8.4000000e+01
   8.6300000e+01
   8.8700000e+01
   8.9600000e+01
   9.0100000e+01
   9.0500000e+01
   9.1300000e+01
   9.2200000e+01
   9.3200000e+01
   9.4900000e+01
   9.7100000e+01
   9.9700000e+01
   1.0360000e+02
   1.0870000e+02
   1.1500000e+02
   1.2350000e+02
   1.3180000e+02
   1.3950000e+02
   1.4590000e+02
   1.4960000e+02
   1.5100000e+02
   1.4920000e+02
   1.4620000e+02
   1.4180000e+02
   1.3630000e+02
   1.3020000e+02
   1.2280000e+02
   1.1440000e+02
   1.0670000e+02
   9.9200000e+01
   9.0800000e+01
   8.2200000e+01
   7.2600000e+01
   5.8100000e+01
   4.0600000e+01
   2.2800000e+01
   7.6000000e+00
   2.0600000e+01
   3.7900000e+01
   5.5100000e+01
   7.2900000e+01
   9.5200000e+01
   1.1970000e+02
   1.5120000e+02
   1.8650000e+02
   2.2090000e+02
   2.4990000e+02
   2.7660000e+02
   2.9560000e+02
   2.7690000e+02
   2.5040000e+02
   2.2860000e+02
   2.1770000e+02
   2.1360000e+02
   2.1420000e+02
   2.1750000e+02
   2.2060000e+02
   2.2370000e+02
   2.2780000e+02
   2.3170000e+02
   2.3430000e+02
   2.3650000e+02
   2.3280000e+02
   2.1930000e+02
   1.9550000e+02
   1.6830000e+02
   1.3900000e+02
   1.1010000e+02
   7.9600000e+01
   5.2400000e+01
   3.1000000e+01
   2.6300000e+01
   4.3900000e+01
   7.0500000e+01
   1.0150000e+02
   1.2990000e+02
   1.5580000e+02
   1.7960000e+02
   1.9620000e+02
   2.0750000e+02
   2.1370000e+02
   2.2020000e+02
   2.2570000e+02
   2.3160000e+02
   2.3830000e+02
   2.4480000e+02
   2.5090000e+02
   2.5920000e+02
   2.6750000e+02
   2.7590000e+02
   2.8230000e+02
   2.8760000e+02
   2.9010000e+02
   2.8350000e+02
   2.6910000e+02
   2.4600000e+02
   2.1920000e+02
   1.9190000e+02
   1.6470000e+02
   1.4410000e+02
   1.2960000e+02
   1.2080000e+02
   1.1780000e+02
   1.1850000e+02
   1.2180000e+02
   1.2480000e+02
   1.2130000e+02
   1.1370000e+02
   1.0510000e+02
   9.7000000e+01
   9.0200000e+01
   8.4300000e+01
   7.9500000e+01
   7.6200000e+01
   7.4200000e+01
   7.3200000e+01
   7.3500000e+01
   7.5000000e+01
   7.7600000e+01
   8.1100000e+01
   8.5600000e+01
   9.0500000e+01
   9.4700000e+01
   9.8000000e+01
   1.0200000e+02
   1.0640000e+02
   1.1100000e+02
   1.1610000e+02
   1.2170000e+02
   1.2820000e+02
   1.3630000e+02
   1.4520000e+02
   1.5480000e+02
   1.6480000e+02
   1.7410000e+02
   1.8320000e+02
   1.9190000e+02
   2.0030000e+02
   2.0940000e+02
   2.1950000e+02
   2.3060000e+02
   2.4150000e+02
   2.5220000e+02
   2.6230000e+02
   2.7170000e+02
   2.7860000e+02
   2.8240000e+02
   2.8320000e+02
   2.7990000e+02
   2.7340000e+02
   2.6430000e+02
   2.5450000e+02
   2.4840000e+02
   2.4750000e+02
   2.5060000e+02
   2.5590000e+02
   2.6170000e+02
   2.6740000e+02
   2.7190000e+02
   2.7490000e+02
   2.7610000e+02
   2.7660000e+02
   2.8000000e+02
   2.8680000e+02
   2.9540000e+02
   3.0630000e+02
   3.2090000e+02
   3.3380000e+02
   3.4020000e+02
   3.3890000e+02
   3.3290000e+02
   3.2480000e+02
   3.1500000e+02
   3.0560000e+02
   2.9530000e+02
   2.8390000e+02
   2.7080000e+02
   2.5660000e+02
   2.3780000e+02
   2.1570000e+02
   2.0170000e+02
   1.8910000e+02
   1.7960000e+02
   1.7430000e+02
   1.7500000e+02
   1.8120000e+02
   1.9150000e+02
   2.0340000e+02
   2.0950000e+02
   2.1090000e+02
   2.0590000e+02
   1.9090000e+02
   1.6390000e+02
   1.3170000e+02
   9.6600000e+01
   6.2900000e+01
   3.4400000e+01
   1.9600000e+01
   2.8200000e+01
   5.7200000e+01
   8.7000000e+01
   1.1770000e+02
   1.5080000e+02
   1.8250000e+02
   2.1330000e+02
   2.4220000e+02
   2.6500000e+02
   2.8330000e+02
   2.9930000e+02
   3.1430000e+02
   3.2280000e+02
   2.9900000e+02
   2.7250000e+02
   2.4510000e+02
   2.2160000e+02
   1.9940000e+02
   1.8010000e+02
   1.6690000e+02
   1.5750000e+02
   1.5060000e+02
   1.4470000e+02
   1.3770000e+02
   1.2850000e+02
   1.1840000e+02
   1.0690000e+02
   9.7700000e+01
   9.7800000e+01
   1.0530000e+02
   1.1740000e+02
   1.3240000e+02
   1.4710000e+02
   1.6130000e+02
   1.7560000e+02
   1.8770000e+02
   1.9680000e+02
   2.0390000e+02
   2.0930000e+02
   2.0990000e+02
   2.0430000e+02
   1.9250000e+02
   1.7240000e+02
   1.5300000e+02
   1.3440000e+02
   1.1850000e+02
   1.0390000e+02
   9.0900000e+01
   7.8500000e+01
   6.6400000e+01
   5.6300000e+01
   5.0800000e+01
   4.9700000e+01
   5.2900000e+01
   6.3200000e+01
   7.7600000e+01
   9.5500000e+01
   1.1730000e+02
   1.4260000e+02
   1.5970000e+02
   1.6800000e+02
   1.7050000e+02
   1.6880000e+02
   1.6490000e+02
   1.5910000e+02
   1.5270000e+02
   1.4660000e+02
   1.3820000e+02
   1.2480000e+02
   1.0260000e+02
   8.4800000e+01
   7.1800000e+01
   6.3600000e+01
   5.7300000e+01
   5.3700000e+01
   5.1400000e+01
   5.0200000e+01
   5.0200000e+01
   4.9700000e+01
   4.9400000e+01
   4.9900000e+01
   5.1600000e+01
   5.3200000e+01
   5.5000000e+01
   5.8000000e+01
   6.2400000e+01
   6.6800000e+01
   7.1700000e+01
   7.7100000e+01
   8.3800000e+01
   9.1700000e+01
   1.0120000e+02
   1.1270000e+02
   1.2560000e+02
   1.3890000e+02
   1.5270000e+02
   1.6880000e+02
   1.8480000e+02
   2.0120000e+02
   2.1340000e+02
   2.1700000e+02
   2.1580000e+02
   2.1330000e+02
   2.1070000e+02
   2.1140000e+02
   2.1480000e+02
   2.1850000e+02
   2.2320000e+02
   2.3060000e+02
   2.4270000e+02
   2.6030000e+02
   2.7760000e+02
   2.9140000e+02
   2.9690000e+02
   2.9260000e+02
   2.8430000e+02
   2.6470000e+02
   2.4410000e+02
   2.2660000e+02
   2.1270000e+02
   2.0060000e+02
   1.8950000e+02
   1.7920000e+02
   1.6920000e+02
   1.5960000e+02
   1.5160000e+02
   1.4470000e+02
   1.3850000e+02
   1.3390000e+02
   1.2960000e+02
   1.2450000e+02
   1.1970000e+02
   1.1350000e+02
   1.0540000e+02
   9.8500000e+01
   9.3900000e+01
   9.1300000e+01
   8.9600000e+01
   8.8200000e+01
   8.7300000e+01
   8.5800000e+01
   8.5400000e+01
   8.5900000e+01
   8.8100000e+01
   9.2100000e+01
   9.7300000e+01
   1.0340000e+02
   1.0840000e+02
   1.1300000e+02
   1.1700000e+02
   1.2080000e+02
   1.2490000e+02
   1.2880000e+02
   1.3340000e+02
   1.3880000e+02
   1.4530000e+02
   1.5320000e+02
   1.6150000e+02
   1.7010000e+02
   1.7810000e+02
   1.8760000e+02
   1.9940000e+02
   2.1230000e+02
   2.2450000e+02
   2.3900000e+02
   2.5530000e+02
   2.7450000e+02
   2.9680000e+02
   3.2180000e+02
   3.5000000e+02
   3.7660000e+02
   3.9590000e+02
   4.0950000e+02
   4.1850000e+02
   4.2360000e+02
   4.2230000e+02
   4.2370000e+02
   4.2950000e+02
   4.3560000e+02
   4.4240000e+02
   4.4700000e+02
   4.4700000e+02
   4.4570000e+02
   4.4190000e+02
   4.3460000e+02
   4.2470000e+02
   4.1200000e+02
   3.9800000e+02
   3.8270000e+02
   3.6590000e+02
   3.5560000e+02
   3.4590000e+02
   3.3710000e+02
   3.2830000e+02
   3.1950000e+02
   3.1070000e+02
   3.0180000e+02
   2.9420000e+02
   2.8790000e+02
   2.8270000e+02
   2.7620000e+02
   2.6850000e+02
   2.5730000e+02
   2.3570000e+02
   2.1310000e+02
   1.9570000e+02
   1.8910000e+02
   1.8380000e+02
   1.7890000e+02
   1.7450000e+02
   1.7030000e+02
   1.6570000e+02
   1.6080000e+02
   1.5600000e+02
   1.5100000e+02
   1.4670000e+02
   1.4280000e+02
   1.4110000e+02
   1.4260000e+02
   1.4900000e+02
   1.5760000e+02
   1.6750000e+02
   1.7790000e+02
   1.8820000e+02
   1.9650000e+02
   2.0410000e+02
   2.1130000e+02
   2.1690000e+02
   2.2090000e+02
   2.2220000e+02
   2.1860000e+02
   2.1430000e+02
   2.0890000e+02
   2.0080000e+02
   1.9520000e+02
   1.9050000e+02
   1.8620000e+02
   1.8050000e+02
   1.7340000e+02
   1.6390000e+02
   1.5390000e+02
   1.4440000e+02
   1.3560000e+02
   1.2840000e+02
   1.2280000e+02
   1.1950000e+02
   1.1890000e+02
   1.1870000e+02
   1.1790000e+02
   1.1620000e+02
   1.1400000e+02
   1.1280000e+02
   1.1150000e+02
   1.1000000e+02
   1.0940000e+02
   1.1060000e+02
   1.1440000e+02
   1.1990000e+02
   1.2770000e+02
   1.3630000e+02
   1.4140000e+02
   1.4410000e+02
   1.4160000e+02
   1.3350000e+02
   1.2270000e+02
   1.1050000e+02
   9.8300000e+01
   8.6700000e+01
   7.4900000e+01
   6.3000000e+01
   5.0900000e+01
   3.9800000e+01
   3.0500000e+01
   2.6000000e+01
   3.0600000e+01
   3.9300000e+01
   5.1000000e+01
   6.3300000e+01
   7.1800000e+01
   7.7000000e+01
   8.1100000e+01
   8.4200000e+01
   8.6500000e+01
   8.8000000e+01
   8.8400000e+01
   8.8000000e+01
   8.6900000e+01
   8.5300000e+01
   8.3100000e+01
   7.9900000e+01
   7.6000000e+01
   7.0000000e+01
   6.3500000e+01
   6.1400000e+01
   6.0000000e+01
   5.6600000e+01
   5.2500000e+01
   4.8300000e+01
   4.5000000e+01
   4.4900000e+01
   4.7600000e+01
   5.3100000e+01
   6.1100000e+01
   7.0100000e+01
   7.9900000e+01
   9.0400000e+01
   1.0350000e+02
   1.1910000e+02
   1.3180000e+02
   1.4210000e+02
   1.5050000e+02
   1.5590000e+02
   1.5880000e+02
   1.5910000e+02
   1.5630000e+02
   1.5130000e+02
   1.4410000e+02
   1.3530000e+02
   1.2390000e+02
   1.1270000e+02
   1.0300000e+02
   9.3500000e+01
   8.5700000e+01
   8.0700000e+01
   7.7000000e+01
   7.3000000e+01
   6.8900000e+01
   6.4400000e+01
   5.9800000e+01
   5.5200000e+01
   5.3900000e+01
   5.8200000e+01
   6.8000000e+01
   8.6200000e+01
   1.0690000e+02
   1.2800000e+02
   1.4640000e+02
   1.5390000e+02
   1.5870000e+02
   1.6140000e+02
   1.6400000e+02
   1.6690000e+02
   1.6780000e+02
   1.6820000e+02
   1.6670000e+02
   1.6260000e+02
   1.5810000e+02
   1.5280000e+02
   1.4560000e+02
   1.4090000e+02
   1.3970000e+02
   1.4270000e+02
   1.4650000e+02
   1.5440000e+02
   1.6780000e+02
   1.8510000e+02
   2.0750000e+02
   2.3520000e+02
   2.7190000e+02
   3.1300000e+02
   3.5650000e+02
   3.9820000e+02
   4.4410000e+02
   4.9130000e+02
   5.3490000e+02
   5.7600000e+02
   6.1790000e+02
   6.3230000e+02
   6.3150000e+02
   6.1940000e+02
   6.0080000e+02
   5.7010000e+02
   5.3970000e+02
   5.1300000e+02
   4.8550000e+02
   4.6040000e+02
   4.3810000e+02
   4.1850000e+02
   4.0020000e+02
   3.8200000e+02
   3.5840000e+02
   3.3100000e+02
   3.0350000e+02
   2.7490000e+02
   2.4190000e+02
   2.0670000e+02
   1.7640000e+02
   1.5440000e+02
   1.3950000e+02
   1.3410000e+02
   1.3580000e+02
   1.4310000e+02
   1.5820000e+02
   1.7780000e+02
   1.9910000e+02
   2.2370000e+02
   2.3590000e+02
   2.3630000e+02
   2.3080000e+02
   2.2380000e+02
   2.1320000e+02
   1.9650000e+02
   1.7490000e+02
   1.4990000e+02
   1.2520000e+02
   1.0570000e+02
   9.6800000e+01
   1.0110000e+02
   1.1140000e+02
   1.2100000e+02
   1.2740000e+02
   1.2810000e+02
   1.2920000e+02
   1.3190000e+02
   1.3880000e+02
   1.4680000e+02
   1.5640000e+02
   1.6710000e+02
   1.7640000e+02
   1.8430000e+02
   1.9130000e+02
   1.9780000e+02
   2.0380000e+02
   2.0920000e+02
   2.1510000e+02
   2.2000000e+02
   2.2170000e+02
   2.2350000e+02
   2.2460000e+02
   2.2450000e+02
   2.2430000e+02
   2.2390000e+02
   2.2380000e+02
   2.2560000e+02
   2.2820000e+02
   2.3200000e+02
   2.3670000e+02
   2.4210000e+02
   2.4850000e+02
   2.5730000e+02
   2.6770000e+02
   2.7710000e+02
   2.8490000e+02
   2.8680000e+02
   2.8140000e+02
   2.6860000e+02
   2.4960000e+02
   2.2550000e+02
   1.9650000e+02
   1.7000000e+02
   1.5410000e+02
   1.5370000e+02
   1.7650000e+02
   2.1750000e+02
   2.6840000e+02
   3.1410000e+02
   3.5500000e+02
   3.9670000e+02
   4.3260000e+02
   4.6280000e+02
   4.8710000e+02
   4.9820000e+02
   5.0000000e+02
   4.9420000e+02
   4.8650000e+02
   4.6970000e+02
   4.3550000e+02
   3.9230000e+02
   3.5690000e+02
   3.3080000e+02
   3.1440000e+02
   2.9650000e+02
   2.7630000e+02
   2.5290000e+02
   2.2640000e+02
   1.9900000e+02
   1.7000000e+02
   1.4060000e+02
   1.1430000e+02
   9.7100000e+01
   9.5600000e+01
   1.0460000e+02
   1.2320000e+02
   1.4180000e+02
   1.5970000e+02
   1.7630000e+02
   1.9150000e+02
   2.0440000e+02
   2.1390000e+02
   2.2110000e+02
   2.2610000e+02
   2.2810000e+02
   2.2720000e+02
   2.2410000e+02
   2.1930000e+02
   2.1260000e+02
   2.0660000e+02
   2.0220000e+02
   1.9930000e+02
   1.9870000e+02
   2.0010000e+02
   2.0320000e+02
   2.0770000e+02
   2.1270000e+02
   2.1950000e+02
   2.3390000e+02
   2.5740000e+02
   2.8750000e+02
   3.2600000e+02
   3.7300000e+02
   4.2890000e+02
   4.6990000e+02
   4.9400000e+02
   4.8450000e+02
   4.7410000e+02
   4.6440000e+02
   4.5580000e+02
   4.4790000e+02
   4.3970000e+02
   4.3130000e+02
   4.2360000e+02
   4.1610000e+02
   4.0770000e+02
   4.0150000e+02
   3.9640000e+02
   3.9190000e+02
   3.9070000e+02
   3.8970000e+02
   3.8920000e+02
   3.8690000e+02
   3.7500000e+02
   3.5360000e+02
   3.2890000e+02
   3.0250000e+02
   2.7900000e+02
   2.5640000e+02
   2.3440000e+02
   2.1430000e+02
   1.9750000e+02
   1.8200000e+02
   1.7010000e+02
   1.6430000e+02
   1.6450000e+02
   1.6800000e+02
   1.7080000e+02
   1.7210000e+02
   1.7240000e+02
   1.7170000e+02
   1.7020000e+02
   1.6910000e+02
   1.6880000e+02
   1.6900000e+02
   1.7020000e+02
   1.7220000e+02
   1.7450000e+02
   1.7470000e+02
   1.7240000e+02
   1.6990000e+02
   1.6760000e+02
   1.6650000e+02
   1.6620000e+02
   1.6650000e+02
   1.6730000e+02
   1.6820000e+02
   1.6910000e+02
   1.7000000e+02
   1.7040000e+02
   1.7070000e+02
   1.7080000e+02
   1.7000000e+02
   1.6890000e+02
   1.6620000e+02
   1.5950000e+02
   1.5200000e+02
   1.4410000e+02
   1.3710000e+02
   1.2950000e+02
   1.2180000e+02
   1.1480000e+02
   1.0760000e+02
   1.0100000e+02
   9.6100000e+01
   9.2700000e+01
   9.2000000e+01
   9.4700000e+01
   9.9300000e+01
   1.0730000e+02
   1.1820000e+02
   1.2960000e+02
   1.4080000e+02
   1.5300000e+02
   1.6610000e+02
   1.7890000e+02
   1.9130000e+02
   2.0040000e+02
   2.0650000e+02
   2.1080000e+02
   2.1640000e+02
   2.1740000e+02
   2.1410000e+02
   2.0700000e+02
   1.9170000e+02
   1.6840000e+02
   1.4010000e+02
   1.2220000e+02
   1.1010000e+02
   1.0240000e+02
   1.0190000e+02
   1.0380000e+02
   1.0570000e+02
   1.0760000e+02
   1.0860000e+02
   1.0900000e+02
   1.1080000e+02
   1.1260000e+02
   1.1440000e+02
   1.1650000e+02
   1.1770000e+02
   1.1810000e+02
   1.1690000e+02
   1.1570000e+02
   1.1440000e+02
   1.1280000e+02
   1.1130000e+02
   1.0990000e+02
   1.0870000e+02
   1.0720000e+02
   1.0590000e+02
   1.0410000e+02
   1.0280000e+02
   1.0190000e+02
   1.0160000e+02
   1.0250000e+02
   1.0360000e+02
   1.0440000e+02
   1.0520000e+02
   1.0590000e+02
   1.0600000e+02
   1.0600000e+02
   1.0560000e+02
   1.0510000e+02
   1.0440000e+02
   1.0330000e+02
   1.0140000e+02
   9.7100000e+01
   9.2700000e+01
   8.9600000e+01
   8.9900000e+01
   9.2100000e+01
   9.5500000e+01
   9.8900000e+01
   1.0160000e+02
   1.0350000e+02
   1.0470000e+02
   1.0500000e+02
   1.0440000e+02
   1.0360000e+02
   1.0290000e+02
   1.0300000e+02
   1.0470000e+02
   1.0870000e+02
   1.1600000e+02
   1.2330000e+02
   1.2980000e+02
   1.3580000e+02
   1.4030000e+02
   1.4380000e+02
   1.4510000e+02
   1.4300000e+02
   1.3450000e+02
   1.2520000e+02
   1.1590000e+02
   1.0420000e+02
   9.4100000e+01
   8.7600000e+01
   8.7700000e+01
   8.9700000e+01
   9.2400000e+01
   9.4700000e+01
   9.7500000e+01
   1.0080000e+02
   1.0480000e+02
   1.1010000e+02
   1.1710000e+02
   1.2470000e+02
   1.3280000e+02
   1.4190000e+02
   1.5330000e+02
