   0.0000000e+00
   5.0034488e+01
   1.0006338e+02
   1.5009787e+02
   2.0005885e+02
   2.5009334e+02
   3.0005433e+02
   3.5001531e+02
   4.0004980e+02
   4.5007869e+02
   5.0011318e+02
   5.5007416e+02
   6.0003515e+02
   6.5006964e+02
   7.0003062e+02
   7.5006511e+02
   8.0009400e+02
   8.5005499e+02
   9.0008947e+02
   9.5005046e+02
   1.0000849e+03
   1.0500459e+03
   1.1000069e+03
   1.1501092e+03
   1.2000702e+03
   1.2501047e+03
   1.3000657e+03
   1.3500267e+03
   1.4000611e+03
   1.4500221e+03
   1.5001244e+03
   1.5500854e+03
   1.6000464e+03
   1.6500809e+03
   1.7000419e+03
   1.7500764e+03
   1.8000373e+03
   1.8499983e+03
   1.9001006e+03
   1.9500616e+03
   2.0000961e+03
   2.0500571e+03
   2.1000181e+03
   2.1500525e+03
   2.2000135e+03
   2.2501158e+03
   2.3000768e+03
   2.3500378e+03
   2.4000723e+03
   2.4500333e+03
   2.5000678e+03
   2.5500287e+03
   2.6000576e+03
   2.6500921e+03
   2.7000531e+03
   2.7500876e+03
   2.8000486e+03
   2.8500096e+03
   2.9000441e+03
   2.9500729e+03
   3.0001074e+03
   3.0500684e+03
   3.1000294e+03
   3.1500639e+03
   3.2000249e+03
   3.2500594e+03
   3.3000883e+03
   3.3500492e+03
   3.4000837e+03
   3.4500447e+03
   3.5000792e+03
   3.5500402e+03
   3.6000012e+03
   3.6501035e+03
   3.7000645e+03
   3.7500989e+03
   3.8000599e+03
   3.8500209e+03
   3.9000554e+03
   3.9500164e+03
   4.0001187e+03
   4.0500797e+03
   4.1000406e+03
   4.1500751e+03
   4.2000361e+03
   4.2500706e+03
   4.3000316e+03
   4.3499926e+03
   4.4000949e+03
   4.4500559e+03
   4.5000903e+03
   4.5500513e+03
   4.6000123e+03
   4.6500468e+03
   4.7000078e+03
   4.7501101e+03
   4.8000711e+03
   4.8500321e+03
   4.9000665e+03
   4.9500275e+03
   5.0000620e+03
   5.0500230e+03
   5.1000519e+03
   5.1500864e+03
   5.2000474e+03
   5.2500819e+03
   5.3000428e+03
   5.3500038e+03
   5.4000383e+03
   5.4500672e+03
   5.5001017e+03
   5.5500627e+03
   5.6000237e+03
   5.6500581e+03
   5.7000191e+03
   5.7500536e+03
   5.8000825e+03
   5.8500435e+03
   5.9000780e+03
   5.9500390e+03
   6.0000735e+03
   6.0500344e+03
   6.1000689e+03
   6.1500978e+03
   6.2000588e+03
   6.2500933e+03
   6.3000543e+03
   6.3500888e+03
   6.4000498e+03
   6.4500107e+03
   6.5001130e+03
   6.5500740e+03
   6.6001085e+03
   6.6500695e+03
   6.7000305e+03
   6.7500650e+03
   6.8000259e+03
   6.8500604e+03
   6.9000893e+03
   6.9500503e+03
   7.0000848e+03
   7.0500458e+03
   7.1000803e+03
   7.1500413e+03
   7.2000022e+03
   7.2501045e+03
   7.3000655e+03
   7.3501000e+03
   7.4000610e+03
   7.4500220e+03
   7.5000565e+03
   7.5500175e+03
   7.6001197e+03
   7.6500807e+03
   7.7000417e+03
   7.7500762e+03
   7.8000372e+03
   7.8500717e+03
   7.9000327e+03
   7.9500616e+03
   8.0000960e+03
   8.0500570e+03
   8.1000915e+03
   8.1500525e+03
   8.2000135e+03
   8.2500480e+03
   8.3000769e+03
   8.3501114e+03
   8.4000723e+03
   8.4500333e+03
   8.5000678e+03
   8.5500288e+03
   8.6000633e+03
   8.6500922e+03
   8.7000532e+03
   8.7500876e+03
   8.8000486e+03
   8.8500831e+03
   8.9000441e+03
   8.9500051e+03
   9.0001074e+03
   9.0500684e+03
   9.1001029e+03
   9.1500638e+03
   9.2000248e+03
   9.2500593e+03
   9.3000203e+03
   9.3501226e+03
   9.4000836e+03
   9.4500446e+03
   9.5000791e+03
   9.5500400e+03
   9.6000745e+03
   9.6500355e+03
   9.6999965e+03
   9.7500988e+03
   9.8000598e+03
   9.8500943e+03
   9.9000553e+03
   9.9500162e+03
   1.0000051e+04
   1.0050012e+04
   1.0100114e+04
   1.0150075e+04
   1.0200036e+04
   1.0250070e+04
   1.0300031e+04
   1.0350066e+04
   1.0400027e+04
   1.0450056e+04
   1.0500090e+04
   1.0550051e+04
   1.0600086e+04
   1.0650047e+04
   1.0700008e+04
   1.0750042e+04
   1.0800071e+04
   1.0850106e+04
   1.0900067e+04
   1.0950028e+04
   1.1000062e+04
   1.1050023e+04
   1.1100058e+04
   1.1150086e+04
   1.1200047e+04
   1.1250082e+04
   1.1300043e+04
   1.1350077e+04
   1.1400038e+04
   1.1449999e+04
   1.1500102e+04
   1.1550063e+04
   1.1600097e+04
   1.1650058e+04
   1.1700019e+04
   1.1750054e+04
   1.1800015e+04
   1.1850117e+04
   1.1900078e+04
   1.1950112e+04
   1.2000073e+04
   1.2050034e+04
   1.2100069e+04
   1.2150030e+04
   1.2200064e+04
   1.2250093e+04
   1.2300054e+04
   1.2350089e+04
   1.2400050e+04
   1.2450084e+04
   1.2500045e+04
   1.2550006e+04
   1.2600108e+04
   1.2650069e+04
   1.2700104e+04
   1.2750065e+04
   1.2800026e+04
   1.2850060e+04
   1.2900021e+04
   1.2950124e+04
   1.3000085e+04
   1.3050046e+04
   1.3100080e+04
   1.3150041e+04
   1.3200075e+04
   1.3250036e+04
   1.3300065e+04
   1.3350100e+04
   1.3400061e+04
   1.3450095e+04
   1.3500056e+04
   1.3550017e+04
   1.3600052e+04
   1.3650081e+04
   1.3700115e+04
   1.3750076e+04
   1.3800037e+04
   1.3850072e+04
   1.3900033e+04
   1.3950067e+04
   1.4000096e+04
   1.4050057e+04
   1.4100091e+04
   1.4150052e+04
   1.4200087e+04
   1.4250048e+04
   1.4300009e+04
   1.4350111e+04
   1.4400072e+04
   1.4450107e+04
   1.4500068e+04
   1.4550029e+04
   1.4600063e+04
   1.4650024e+04
   1.4700059e+04
   1.4750088e+04
   1.4800048e+04
   1.4850083e+04
   1.4900044e+04
   1.4950078e+04
   1.5000039e+04
   1.5050000e+04
   1.5100103e+04
   1.5150064e+04
   1.5200098e+04
   1.5250059e+04
   1.5300020e+04
   1.5350055e+04
   1.5400016e+04
   1.5450118e+04
   1.5500079e+04
   1.5550040e+04
   1.5600074e+04
   1.5650035e+04
   1.5700070e+04
   1.5750031e+04
   1.5800060e+04
   1.5850094e+04
   1.5900055e+04
   1.5950090e+04
   1.6000051e+04
   1.6050012e+04
   1.6100046e+04
   1.6150075e+04
   1.6200110e+04
   1.6250071e+04
   1.6300031e+04
   1.6350066e+04
   1.6400027e+04
   1.6450061e+04
   1.6500090e+04
   1.6550051e+04
   1.6600086e+04
   1.6650047e+04
   1.6700081e+04
   1.6750042e+04
   1.6800003e+04
   1.6850106e+04
   1.6900067e+04
   1.6950101e+04
   1.7000062e+04
   1.7050023e+04
   1.7100057e+04
   1.7150018e+04
   1.7200053e+04
   1.7250082e+04
   1.7300043e+04
   1.7350077e+04
   1.7400038e+04
   1.7450073e+04
   1.7500034e+04
   1.7549995e+04
   1.7600097e+04
   1.7650058e+04
   1.7700093e+04
   1.7750054e+04
   1.7800088e+04
   1.7850049e+04
   1.7900010e+04
   1.7950112e+04
   1.8000073e+04
   1.8050108e+04
   1.8100069e+04
   1.8150030e+04
   1.8200064e+04
   1.8250025e+04
   1.8300127e+04
   1.8350088e+04
   1.8400049e+04
   1.8450084e+04
   1.8500045e+04
   1.8550079e+04
   1.8600040e+04
   1.8650069e+04
   1.8700104e+04
   1.8750065e+04
   1.8800099e+04
   1.8850060e+04
   1.8900021e+04
   1.8950056e+04
   1.9000085e+04
   1.9050119e+04
   1.9100080e+04
   1.9150041e+04
   1.9200076e+04
   1.9250037e+04
   1.9300071e+04
   1.9350100e+04
   1.9400061e+04
   1.9450095e+04
   1.9500056e+04
   1.9550091e+04
   1.9600052e+04
   1.9650013e+04
   1.9700047e+04
   1.9750076e+04
   1.9800111e+04
   1.9850072e+04
   1.9900033e+04
   1.9950067e+04
   2.0000028e+04
   2.0050063e+04
   2.0100092e+04
   2.0150053e+04
   2.0200087e+04
   2.0250048e+04
   2.0300082e+04
   2.0350043e+04
   2.0400004e+04
   2.0450107e+04
   2.0500068e+04
   2.0550102e+04
   2.0600063e+04
   2.0650024e+04
   2.0700059e+04
   2.0750020e+04
   2.0800122e+04
   2.0850083e+04
   2.0900044e+04
   2.0950078e+04
   2.1000039e+04
   2.1050074e+04
   2.1100035e+04
   2.1150064e+04
   2.1200098e+04
   2.1250059e+04
   2.1300094e+04
   2.1350055e+04
   2.1400016e+04
   2.1450050e+04
   2.1500079e+04
   2.1550114e+04
   2.1600075e+04
   2.1650036e+04
   2.1700070e+04
   2.1750031e+04
   2.1800065e+04
   2.1850094e+04
   2.1900055e+04
   2.1950090e+04
   2.2000051e+04
   2.2050085e+04
   2.2100046e+04
   2.2150007e+04
   2.2200042e+04
   2.2250071e+04
   2.2300105e+04
   2.2350066e+04
   2.2400027e+04
   2.2450062e+04
   2.2500023e+04
   2.2550057e+04
   2.2600086e+04
   2.2650047e+04
   2.2700081e+04
   2.2750042e+04
   2.2800077e+04
   2.2850038e+04
   2.2899999e+04
   2.2950101e+04
   2.3000062e+04
   2.3050097e+04
   2.3100058e+04
   2.3150019e+04
   2.3200053e+04
   2.3250014e+04
   2.3300116e+04
   2.3350077e+04
   2.3400112e+04
   2.3450073e+04
   2.3500034e+04
   2.3550068e+04
   2.3600029e+04
   2.3650132e+04
   2.3700093e+04
   2.3750054e+04
   2.3800088e+04
   2.3850049e+04
   2.3900084e+04
   2.3950045e+04
   2.4000073e+04
   2.4050108e+04
   2.4100069e+04
   2.4150103e+04
   2.4200064e+04
   2.4250025e+04
   2.4300060e+04
   2.4350089e+04
   2.4400123e+04
   2.4450084e+04
   2.4500045e+04
   2.4550080e+04
   2.4600041e+04
   2.4650075e+04
   2.4700036e+04
   2.4750065e+04
   2.4800100e+04
   2.4850060e+04
   2.4900095e+04
   2.4950056e+04
   2.5000017e+04
   2.5050051e+04
   2.5100080e+04
   2.5150115e+04
   2.5200076e+04
   2.5250037e+04
   2.5300071e+04
   2.5350032e+04
   2.5400067e+04
   2.5450096e+04
   2.5500057e+04
   2.5550091e+04
   2.5600052e+04
   2.5650087e+04
   2.5700048e+04
   2.5750009e+04
   2.5800111e+04
   2.5850072e+04
   2.5900106e+04
   2.5950067e+04
   2.6000028e+04
   2.6050063e+04
   2.6100024e+04
   2.6150126e+04
   2.6200087e+04
   2.6250048e+04
   2.6300083e+04
   2.6350044e+04
   2.6400078e+04
   2.6450039e+04
   2.6500068e+04
   2.6550102e+04
   2.6600063e+04
   2.6650098e+04
   2.6700059e+04
   2.6750020e+04
   2.6800054e+04
   2.6850083e+04
   2.6900118e+04
   2.6950079e+04
   2.7000040e+04
   2.7050074e+04
   2.7100035e+04
   2.7150070e+04
   2.7200031e+04
   2.7250059e+04
   2.7300094e+04
   2.7350055e+04
   2.7400089e+04
   2.7450050e+04
   2.7500011e+04
   2.7550046e+04
   2.7600075e+04
   2.7650109e+04
   2.7700070e+04
   2.7750031e+04
   2.7800066e+04
   2.7850027e+04
   2.7900061e+04
   2.7950090e+04
   2.8000051e+04
   2.8050086e+04
   2.8100047e+04
   2.8150081e+04
   2.8200042e+04
   2.8250003e+04
   2.8300105e+04
   2.8350066e+04
   2.8400101e+04
   2.8450062e+04
   2.8500023e+04
   2.8550057e+04
   2.8600018e+04
   2.8650121e+04
   2.8700082e+04
   2.8750042e+04
   2.8800077e+04
   2.8850038e+04
   2.8900072e+04
   2.8950033e+04
   2.9000062e+04
   2.9050097e+04
   2.9100058e+04
   2.9150092e+04
   2.9200053e+04
   2.9250088e+04
   2.9300049e+04
   2.9350078e+04
   2.9400112e+04
   2.9450073e+04
   2.9500108e+04
   2.9550069e+04
   2.9600030e+04
   2.9650064e+04
   2.9700093e+04
   2.9750127e+04
   2.9800088e+04
   2.9850049e+04
   2.9900084e+04
   2.9950045e+04
   3.0000079e+04
   3.0050040e+04
   3.0100069e+04
   3.0150104e+04
   3.0200065e+04
   3.0250099e+04
   3.0300060e+04
   3.0350021e+04
   3.0400056e+04
   3.0450085e+04
   3.0500119e+04
   3.0550080e+04
   3.0600041e+04
   3.0650075e+04
   3.0700036e+04
   3.0750071e+04
   3.0800100e+04
   3.0850061e+04
   3.0900095e+04
   3.0950056e+04
   3.1000091e+04
   3.1050052e+04
   3.1100013e+04
   3.1150115e+04
   3.1200076e+04
   3.1250111e+04
   3.1300072e+04
   3.1350033e+04
   3.1400067e+04
   3.1450028e+04
   3.1500130e+04
   3.1550091e+04
   3.1600052e+04
   3.1650087e+04
   3.1700048e+04
   3.1750082e+04
   3.1800043e+04
   3.1850072e+04
   3.1900107e+04
   3.1950068e+04
   3.2000102e+04
   3.2050063e+04
   3.2100024e+04
   3.2150059e+04
   3.2200087e+04
   3.2250122e+04
   3.2300083e+04
   3.2350044e+04
   3.2400078e+04
   3.2450039e+04
   3.2500074e+04
   3.2550035e+04
   3.2600064e+04
   3.2650098e+04
   3.2700059e+04
   3.2750094e+04
   3.2800055e+04
   3.2850016e+04
   3.2900050e+04
   3.2950079e+04
   3.3000113e+04
   3.3050074e+04
   3.3100035e+04
   3.3150070e+04
   3.3200031e+04
   3.3250065e+04
   3.3300094e+04
   3.3350055e+04
   3.3400090e+04
   3.3450051e+04
   3.3500085e+04
   3.3550046e+04
   3.3600007e+04
   3.3650110e+04
   3.3700071e+04
   3.3750105e+04
   3.3800066e+04
   3.3850027e+04
   3.3900061e+04
   3.3950022e+04
   3.4000125e+04
   3.4050086e+04
   3.4100047e+04
   3.4150081e+04
   3.4200042e+04
   3.4250077e+04
   3.4300038e+04
   3.4350067e+04
   3.4400101e+04
   3.4450062e+04
   3.4500097e+04
   3.4550057e+04
   3.4600018e+04
   3.4650053e+04
   3.4700082e+04
   3.4750116e+04
   3.4800077e+04
   3.4850038e+04
   3.4900073e+04
   3.4950034e+04
   3.5000068e+04
   3.5050029e+04
   3.5100132e+04
   3.5150093e+04
   3.5200054e+04
   3.5250088e+04
   3.5300049e+04
   3.5350083e+04
   3.5400044e+04
   3.5450073e+04
   3.5500108e+04
   3.5550069e+04
   3.5600103e+04
   3.5650064e+04
   3.5700025e+04
   3.5750060e+04
   3.5800089e+04
   3.5850123e+04
   3.5900084e+04
   3.5950045e+04
   3.6000080e+04
   3.6050041e+04
   3.6100075e+04
   3.6150104e+04
   3.6200065e+04
   3.6250099e+04
   3.6300060e+04
   3.6350095e+04
   3.6400056e+04
   3.6450017e+04
   3.6500119e+04
   3.6550080e+04
   3.6600115e+04
   3.6650076e+04
   3.6700037e+04
   3.6750071e+04
   3.6800032e+04
   3.6850134e+04
   3.6900095e+04
   3.6950056e+04
   3.7000091e+04
   3.7050052e+04
   3.7100086e+04
   3.7150047e+04
   3.7200076e+04
   3.7250111e+04
   3.7300072e+04
   3.7350106e+04
   3.7400067e+04
   3.7450028e+04
   3.7500063e+04
   3.7550024e+04
   3.7600126e+04
   3.7650087e+04
   3.7700048e+04
   3.7750082e+04
   3.7800043e+04
   3.7850078e+04
   3.7900039e+04
   3.7950068e+04
   3.8000102e+04
   3.8050063e+04
   3.8100098e+04
   3.8150059e+04
   3.8200020e+04
   3.8250054e+04
   3.8300083e+04
   3.8350118e+04
   3.8400078e+04
   3.8450039e+04
   3.8500074e+04
   3.8550035e+04
   3.8600069e+04
   3.8650098e+04
   3.8700059e+04
   3.8750094e+04
   3.8800055e+04
   3.8850089e+04
   3.8900050e+04
   3.8950011e+04
   3.9000114e+04
   3.9050075e+04
   3.9100109e+04
   3.9150070e+04
   3.9200031e+04
   3.9250065e+04
   3.9300026e+04
   3.9350129e+04
   3.9400090e+04
   3.9450051e+04
   3.9500085e+04
   3.9550046e+04
   3.9600081e+04
   3.9650042e+04
   3.9700071e+04
   3.9750105e+04
   3.9800066e+04
   3.9850101e+04
   3.9900062e+04
   3.9950022e+04
   4.0000057e+04
   4.0050018e+04
   4.0100120e+04
   4.0150081e+04
   4.0200042e+04
   4.0250077e+04
   4.0300038e+04
   4.0350072e+04
   4.0400033e+04
   4.0450062e+04
   4.0500097e+04
   4.0550058e+04
   4.0600092e+04
   4.0650053e+04
   4.0700014e+04
   4.0750048e+04
   4.0800077e+04
   4.0850112e+04
   4.0900073e+04
   4.0950107e+04
   4.1000068e+04
   4.1050029e+04
   4.1100064e+04
   4.1150093e+04
   4.1200127e+04
   4.1250088e+04
   4.1300049e+04
   4.1350084e+04
   4.1400045e+04
   4.1450079e+04
   4.1500108e+04
   4.1550069e+04
   4.1600103e+04
   4.1650064e+04
   4.1700099e+04
   4.1750060e+04
   4.1800021e+04
   4.1850123e+04
   4.1900084e+04
   4.1950119e+04
   4.2000080e+04
   4.2050041e+04
   4.2100075e+04
   4.2150036e+04
   4.2200138e+04
   4.2250099e+04
   4.2300060e+04
   4.2350095e+04
   4.2400056e+04
   4.2450090e+04
   4.2500051e+04
   4.2550012e+04
   4.2600115e+04
   4.2650076e+04
   4.2700110e+04
   4.2750071e+04
   4.2800032e+04
   4.2850067e+04
   4.2900028e+04
   4.2950130e+04
   4.3000091e+04
   4.3050052e+04
   4.3100086e+04
   4.3150047e+04
   4.3200082e+04
   4.3250043e+04
   4.3300072e+04
   4.3350106e+04
   4.3400067e+04
   4.3450102e+04
   4.3500063e+04
   4.3550024e+04
   4.3600058e+04
   4.3650087e+04
   4.3700121e+04
   4.3750082e+04
   4.3800043e+04
   4.3850078e+04
   4.3900039e+04
   4.3950073e+04
   4.4000102e+04
   4.4050063e+04
   4.4100098e+04
   4.4150059e+04
   4.4200093e+04
   4.4250054e+04
   4.4300015e+04
   4.4350117e+04
   4.4400078e+04
   4.4450113e+04
   4.4500074e+04
   4.4550035e+04
   4.4600069e+04
   4.4650030e+04
   4.4700133e+04
   4.4750094e+04
   4.4800055e+04
   4.4850089e+04
   4.4900050e+04
   4.4950085e+04
   4.5000046e+04
   4.5050007e+04
   4.5100109e+04
   4.5150070e+04
   4.5200104e+04
   4.5250065e+04
   4.5300026e+04
   4.5350061e+04
   4.5400022e+04
   4.5450124e+04
   4.5500085e+04
   4.5550046e+04
   4.5600081e+04
   4.5650042e+04
   4.5700076e+04
   4.5750037e+04
   4.5800066e+04
   4.5850100e+04
   4.5900061e+04
   4.5950096e+04
   4.6000057e+04
   4.6050018e+04
   4.6100052e+04
   4.6150081e+04
   4.6200116e+04
   4.6250077e+04
   4.6300038e+04
   4.6350072e+04
   4.6400033e+04
   4.6450068e+04
   4.6500097e+04
   4.6550057e+04
   4.6600092e+04
   4.6650053e+04
   4.6700087e+04
   4.6750048e+04
   4.6800083e+04
   4.6850112e+04
   4.6900073e+04
   4.6950107e+04
   4.7000068e+04
   4.7050103e+04
   4.7100064e+04
   4.7150025e+04
   4.7200127e+04
   4.7250088e+04
   4.7300123e+04
   4.7350083e+04
   4.7400044e+04
   4.7450079e+04
   4.7500040e+04
   4.7550074e+04
   4.7600103e+04
   4.7650064e+04
   4.7700099e+04
   4.7750060e+04
   4.7800094e+04
   4.7850055e+04
   4.7900016e+04
   4.7950119e+04
   4.8000080e+04
   4.8050114e+04
   4.8100075e+04
   4.8150036e+04
   4.8200070e+04
   4.8250031e+04
   4.8300134e+04
   4.8350095e+04
   4.8400056e+04
   4.8450090e+04
   4.8500051e+04
   4.8550086e+04
   4.8600047e+04
   4.8650076e+04
   4.8700110e+04
   4.8750071e+04
   4.8800106e+04
   4.8850066e+04
